Gene,Shulse_2019__root,Mergner_2020__Sepal,Mergner_2020__Petal,Mergner_2020__Stamen,Mergner_2020__Carpel,Mergner_2020__Silique,Mergner_2020__Embryo,Mergner_2020__Seed,Mergner_2020__Seed_imbibed,Mergner_2020__Pollen,Mergner_2020__Node,Mergner_2020__Internode,Mergner_2020__Cauline_leaf,Mergner_2020__Leaf_distal,Mergner_2020__Leaf_proximal,Mergner_2020__Leaf_petiole,Mergner_2020__Senescent_leaf,Mergner_2020__Root,Mergner_2020__Flower_pedicle,Mergner_2020__Flower,Mergner_2020__Silique_septum,Mergner_2020__Silique_valves,Mergner_2020__Egg_cell_like_callus,Mergner_2020__Callus,Mergner_2020__Cell_culture_early,Mergner_2020__Cell_culture_late,Mergner_2020__Cotyledons,Mergner_2020__Hypocotyl,Mergner_2020__Root_tip,Mergner_2020__Root_upper_zone,Mergner_2020__Shoot_tip,Kim_2021__leaf,Kim_2021__leaf_protoplast,root_differentiation_zone,root_elongation_zone,root_meristematic_zone
AT1G10070,0.063720645,11.97924129,12.6991726,14.2243338,1.939274919,0.134073827,1.115859943,13.36968092,9.845354744,26.15597143,25.50442534,21.35729445,9.585198044,0.716847023,1.23154708,3.449638555,19.19364344,5.687357143,16.4598885,5.938967725,18.77620352,13.17740285,0.003170517,3.156454523,0.003057696,9.978740894,0.002076151,4.22013106,0.588935825,0.680172382,13.03899435,1.085525128,0.011667002,0.032458052,0.244343659,0
AT3G48560,20.91762039,13.24431672,13.74823428,46.6367549,19.57505161,19.68679939,18.13429256,26.67152993,32.76329368,62.95567916,27.69909054,29.14648531,17.86947026,20.49362661,21.42639843,29.81577421,10.19633231,17.80479856,21.76006305,22.632512,11.44407738,18.33881307,24.39357676,39.8921105,18.62789479,10.19048725,47.18524049,22.97505755,11.1182473,18.34236302,46.69974539,107.8370731,87.22263557,9.103659799,18.93104093,41.13778267
AT3G49680,16.46977671,6.843162209,5.313283232,4.271751553,17.01776225,14.29074574,16.73284384,5.289290789,4.566919144,4.767792053,31.89497414,21.47181131,32.48351904,14.1228557,20.72149883,37.27239182,8.287595837,15.96731441,8.628625089,10.95447652,37.60410733,18.03654486,8.597026821,10.37591807,8.983979051,5.88000603,26.10458987,36.23003236,12.37507319,17.65243105,23.01335274,15.91590418,8.919772754,11.74814539,12.99514606,28.88215612
AT5G65780,6.713949824,4.527618193,4.920600562,3.854525751,7.986398417,8.577583122,8.856868783,12.84939583,10.86780402,4.339246495,6.694050135,6.970157744,9.329249608,6.846059708,7.398696379,7.019141893,5.269428729,11.44917864,6.161999748,6.166829127,6.156020538,6.534741706,11.78543997,10.23741181,6.392958636,8.229507769,9.453673444,7.95078744,13.36851026,11.45748877,8.607402957,5.872123086,6.464775721,6.674731152,5.475171737,5.247177628
AT1G10060,0.173198343,5.994810324,5.21750752,9.603318138,2.316356349,2.125675264,12.97587555,0.010862979,0.009091081,0.021850915,3.689009373,2.765669318,3.985214129,3.851163462,6.228322141,2.134714531,3.269911972,0,4.76600307,5.46994399,4.296345607,2.269155264,0.003170517,0.000180568,0.003057696,0.003155023,4.398670055,0,0,0,7.230320277,3.250077649,0.110848744,0,0,0
AT3G06850,6.122748036,7.830531234,21.92457643,8.995335771,9.654193833,5.707990456,17.89983629,4.432636188,4.017020931,6.929859295,6.432412143,5.565242251,5.29535628,5.11383595,5.492510552,6.272761394,9.664465401,10.87382795,4.0869318,11.28720877,7.361290524,5.666449113,4.305652857,5.311035754,5.01781649,9.849318138,5.905763248,6.457220517,11.64063147,7.546868719,10.53456665,4.496063667,4.283320017,3.765948016,6.889845017,9.492176958
AT3G17240,49.75490353,28.68579616,20.7663208,16.4130858,17.18608326,16.58813547,10.7812096,23.0467757,29.47906618,13.98938212,15.30942545,14.5642587,14.74731868,17.19516831,18.12971816,19.44543215,31.81166259,32.81149422,14.4775101,18.15695317,23.28110242,27.3725167,20.00897074,25.75498925,35.9695356,32.58808447,17.42264558,21.25367634,43.87834992,35.77589161,16.29309482,15.38094099,12.50935977,44.18728841,32.58251924,21.76848016
AT3G45300,10.96280317,17.61570907,32.01501554,13.10517579,7.986961636,6.971274301,11.79175539,11.55490039,8.93338185,13.94656822,7.415538409,7.484425725,10.14963609,8.190175632,8.851517931,7.592212043,14.76854803,17.59048088,6.915581495,15.80825147,10.50172123,16.29892816,9.578660539,9.98459523,6.451136443,13.24757929,9.677627896,10.5575115,21.63815261,12.52167027,23.65756312,7.226675937,5.289823216,14.59605476,13.80569987,12.35962221
AT5G65940,8.996238778,9.316256709,9.871317479,7.741059228,13.24431672,13.70475502,8.102250766,8.902800641,7.430826425,3.247344316,12.79886925,12.61843287,14.58522282,10.20038408,12.26153597,13.55452802,9.992608583,10.50981987,14.55844279,10.36287969,15.10773418,15.74191063,10.86845055,12.66668018,7.299561021,7.837214045,12.0530971,13.51887687,8.042530619,10.5575115,13.07908537,16.46290716,13.163142,8.388273004,14.2780627,19.22531405
AT3G13450,6.826750979,8.597849709,19.63065531,11.55647055,10.27486041,7.412362984,15.97955791,3.821876379,3.772885912,7.544704892,7.088553327,6.881460783,7.833825204,6.09527454,7.830531234,8.416780057,14.90829148,8.346630162,7.0564696,11.3492477,3.980853429,4.832446279,2.81830257,1.924991681,2.882783666,7.124342829,9.263258422,7.734024172,8.210804148,6.7919612,18.40282812,5.88000603,4.587067316,4.554812808,6.889845017,9.296971688
AT1G31070,12.53839591,3.824982621,5.865483002,14.39859311,5.004386534,6.931565875,9.101670515,0.010862979,2.031696166,22.58488948,13.10517579,13.85527499,4.481276017,3.796157036,4.583769458,7.048385388,3.643468545,10.7254375,17.62014826,5.074791236,3.244027596,3.678250945,1.723470061,1.029965559,1.151063798,0.003155023,4.54712093,10.50088247,11.72444173,12.5006166,5.88727246,4.606989992,4.141273496,15.92208943,15.76625428,9.296971688
AT1G47840,7.786120093,0,0.000281434,0,0,0,17.23788359,0.010862979,0.009091081,0.021850915,1.415358071,1.114894336,0.001960344,0.995908555,1.385752245,3.18218762,0.001632319,9.4493476,0.00027548,0,0.00016449,0.475214415,3.22246574,4.542497129,4.475367255,4.348197232,1.156618038,3.498383552,10.15348932,9.655048951,1.599871644,0.170565743,0.00141305,3.765948016,12.6724858,9.939917499
AT1G50460,7.948329949,5.489843958,9.982960182,7.228283545,9.034433256,3.209874026,6.353985791,10.89785906,11.30763678,4.587067316,8.046307319,7.864401257,5.957439181,5.915916886,6.631629028,7.615624363,3.506455304,4.747671447,4.338071209,5.907652356,5.214422028,4.067797188,12.17041423,8.148679185,7.081390383,5.637695842,8.863504788,9.048781823,5.878251705,4.80097553,7.11074496,8.431090732,9.231575504,6.674731152,6.684275604,8.629902426
AT2G19860,8.614534771,6.360343447,5.314442791,4.214556902,4.466058778,6.34201775,9.411358482,11.14394477,9.637828445,5.029405387,2.864426697,3.107663572,7.914325086,4.058762508,4.231995431,3.605099773,8.715953644,4.536664064,3.820873713,6.269218424,4.569314626,7.355484078,3.128341066,4.487061652,6.10230295,4.583769458,8.989630516,3.644498127,8.430633423,5.501460131,6.68912453,8.910196616,7.946790783,9.797764238,6.684275604,5.708952612
AT2G35020,7.604358529,4.998320459,4.212864309,2.76778442,6.650376454,7.013735733,6.494261164,7.595354419,6.111807068,4.397480425,14.77025099,14.20751408,4.840418598,7.653950909,10.0541064,8.008868705,7.119514044,7.093202731,12.97462229,5.241915433,5.487718969,7.489944471,1.613050294,6.267594509,14.61551988,9.137603323,3.804445396,5.149763307,6.977136546,7.880082855,7.658069242,5.500737735,2.124394842,5.89499759,11.70767683,8.629902426
AT3G20040,3.752021361,1.615642929,2.700665902,7.312300675,1.123882965,0.860177358,0.328652593,0.010862979,0.009091081,15.97297538,1.134788407,1.159181621,1.867435341,2.157348806,2.375793409,1.503894187,1.95964465,2.428215058,0.954888281,1.584990519,0.00016449,0.00125356,3.977588217,0.386559493,1.758294436,1.225185012,2.056682071,1.367893533,5.750449101,2.850637264,1.958094555,1.563686446,4.27465954,7.075016849,3.758993136,2.884082229
AT3G24090,4.332157652,1.712534557,0.000281434,1.032932499,2.196612027,1.660951841,0.000275829,6.118867845,4.824328951,5.880705684,0.763056123,0.90349325,1.087036779,2.69924561,2.544983693,2.065383344,1.534687647,2.268613686,0.610148084,1.640015363,0.519678247,0.00125356,4.575044498,2.569315013,6.430277854,5.291305681,1.185069304,0.960463811,2.941486071,3.003311731,0.911424957,1.885037278,5.455843538,3.179453056,6.889845017,5.929306091
AT4G24620,36.02224736,8.861283251,8.624815034,8.672213508,9.672150089,10.37229328,26.32329195,3.087821341,3.42069433,10.68714997,10.904379,9.797140484,10.53347021,13.33550117,14.92601799,14.41388566,8.862675574,32.76329368,11.04114847,9.669790469,10.68929266,11.55021312,12.37398744,20.06569637,18.56552879,15.91590418,24.40229728,19.47158164,43.3965547,38.15105424,18.80816559,14.87458118,15.92637802,28.93384993,30.91069664,31.93024255
AT4G29130,22.2338865,16.12969689,20.14206245,19.00727072,10.94146974,16.89708591,7.346793834,5.74033412,5.702785515,20.71921199,11.6533579,11.29315769,10.89451449,8.531478403,9.121329178,10.79280405,15.37207986,15.3070065,12.35118424,17.28127892,10.69397539,14.39676852,7.280055132,8.718799801,12.87630155,10.06327938,9.970182013,10.27900048,17.99665543,17.46709366,8.48649233,13.15000049,10.97643305,22.52383978,30.81769701,16.8725135
AT4G37840,0,0,0.000281434,2.906553718,0,0,0.000275829,0.010862979,0.009091081,11.11584855,0.00035847,0.001045535,0.001960344,0.001838323,0.001454287,0.000318224,0.001632319,0,0.00027548,0,0.00016449,0.00125356,0.003170517,0.000180568,0.003057696,0.003155023,0.002076151,0,0,0,0.000403471,0.003313974,0.002360753,0,0,0
AT5G15770,6.396984592,1.143786981,1.981006484,1.926462104,6.353985791,10.78573855,10.50621328,2.876236244,2.42635577,5.782037797,5.117524742,5.04194558,7.395463843,4.611819071,5.634804263,5.820741808,4.095102024,8.419192613,8.413163437,5.387796031,1.744816588,4.31435235,3.17548675,4.935990421,6.043397995,3.686359457,7.700657457,8.865442823,6.550533578,9.797764238,8.33432074,5.043601201,3.10629146,0,0,0
AT1G07780,4.063328917,1.130117203,1.626182554,0.700985178,7.642523797,6.35974815,6.463063962,5.446175961,3.725399273,0.021850915,5.652756359,5.046699728,3.480566136,3.186973233,3.244456054,3.716944585,4.02731267,6.853051316,4.071383416,5.030142256,2.72985045,3.139554011,7.502827534,6.045223894,9.578660539,4.7717035,7.246698547,8.934393206,4.012736216,6.870735236,7.011621249,2.781994057,2.876236244,0.952874437,1.927265861,4.531038486
AT1G25220,13.53123657,33.57394042,30.33242551,30.53338084,19.57102767,9.603318138,10.10570478,8.423983199,7.169828631,6.933015882,14.45437381,14.34448195,13.65886918,25.37926437,20.86778582,39.8921105,17.83073001,16.53699143,4.989722974,23.82987428,31.82006113,19.52979382,13.19586339,35.74152063,9.152811094,6.933826277,10.89143047,22.07976913,13.0431155,18.03654486,10.0035266,5.040867343,22.88647063,13.18632578,7.090430587,8.032105654
AT1G29410,1.188180605,1.042840001,1.931836414,1.527313079,2.633913313,2.650713853,1.324861099,0.010862979,0.009091081,0.021850915,2.702450313,2.66145028,2.660991778,2.269155264,2.771665264,2.340406291,1.492197972,1.601706154,2.728387008,1.863793731,3.219586464,2.318267128,3.484785483,3.265748277,2.978690117,2.333093976,3.265748277,2.07226756,0.732705295,1.285427122,3.037693524,2.869091249,2.818972203,2.063431517,3.156234014,4.531038486
AT2G04400,13.69807614,16.52974006,8.00135643,6.870087028,15.46333264,9.967022682,6.70217431,13.33041699,12.22848969,11.41578737,15.46554072,16.79815733,19.70797397,15.56901923,14.10580461,19.6454108,32.75184274,17.10705681,5.932188569,14.28248849,15.9010882,13.76096378,26.89359639,34.61996141,28.40967233,21.59873373,11.3004393,19.29936061,11.81359481,21.13737285,9.595249166,9.481236503,35.89579226,15.92208943,10.16361977,17.25144951
AT2G29690,6.723175742,2.557043285,2.099292882,0.978662132,5.895956816,5.656628979,5.067097337,4.084519005,4.050093294,0.021850915,4.278591892,4.254517637,4.000033987,6.145360981,7.066458696,5.062875575,3.505407974,5.02659936,5.222321015,3.770696519,3.556180241,4.52882206,7.052258744,5.452774817,12.61175964,7.479586303,7.865844573,4.82368799,4.255997552,6.272335874,7.686863252,4.699654735,5.191964013,3.179453056,6.314333011,9.492176958
AT3G54640,25.54938849,12.27258756,6.196947328,5.037260381,13.59102199,16.53228491,11.54508115,6.637077529,5.784464919,7.821574781,17.97150686,17.92250143,19.29619858,13.28827296,14.46333652,28.55157319,20.94558301,37.14874078,5.711694723,9.649430954,18.91868027,10.16989775,34.3986138,26.93558975,29.64765607,45.95338001,14.27734765,34.48324788,25.57062511,41.61022341,12.5306548,8.721006288,7.618357995,34.54434368,18.61288537,24.33339274
AT4G02610,5.786540507,3.481762195,3.801067622,3.441677928,10.10724195,11.81036041,11.44734802,5.190020594,4.312536076,4.236158508,8.441290751,7.850127621,10.14911634,6.683582542,8.045015638,9.144021428,5.878590087,8.844289584,7.869737284,6.834722976,7.869737284,8.181367406,5.904279111,8.621278137,42.58295232,49.27019548,7.946030138,8.416218084,5.529369205,8.284223499,8.384534207,6.139734776,5.514131237,4.804450277,8.783914061,13.14783191
AT4G27070,5.200211149,4.782752323,4.317983941,6.055174026,3.178340788,2.486004381,9.407278746,72.15764148,56.56971245,13.36851026,4.849536318,4.92775842,3.971946382,3.255528493,3.041669576,7.416331304,5.247767808,4.508292747,2.312192276,3.840784748,9.233261838,4.469257381,4.815534665,6.336880939,5.883358161,3.919884506,3.000277437,4.910412731,2.703546617,5.48066035,2.201894545,4.051699564,5.477162412,5.259482469,4.779238168,7.596956754
AT5G05590,4.336918286,3.510979133,3.72103731,3.857257888,6.132688268,4.043054137,8.222401915,0.010862979,0.009091081,0.021850915,3.169392888,3.801067622,2.338360471,4.650144641,4.596855431,6.323477127,1.442643385,3.048552057,1.388726745,7.640554717,4.312536076,3.215152517,2.025061086,2.83655717,3.252798761,1.628079292,3.492217692,3.224628881,3.974836211,2.938554674,3.78155176,1.97989398,2.067733879,2.489375461,2.409562569,2.199294443
AT5G05730,8.21506802,7.223863401,8.427816764,5.890873667,7.308035567,4.082079987,6.833161405,5.430167149,4.849370835,0.021850915,11.17862136,11.24898264,11.05252301,14.98766494,15.60521126,45.99888788,36.94079969,13.55285063,3.087128967,8.748508191,4.516584499,5.952944713,23.37216395,55.47473646,10.95596792,12.50464549,11.24451258,14.2108805,5.155745539,11.78094006,10.05821379,6.257059683,13.52847223,6.278369671,4.543930876,8.629902426
AT5G17990,9.653384821,7.214388791,4.082901338,1.01580772,7.629105768,3.557700479,6.244282028,6.65439689,5.730835371,0.021850915,6.463382219,7.087290192,11.56787087,14.22138918,14.22008735,19.44896093,11.47781339,9.055916932,3.766414671,6.328090948,5.675199212,6.727687013,13.20624388,10.6052128,13.70307147,10.86510664,15.21427396,14.46333652,6.548845162,11.98143295,11.55815453,9.958003565,11.9594195,13.90837424,6.684275604,7.814198548
AT5G38530,19.62554639,3.169392888,0.000281434,0,1.233073341,2.698810374,6.481270449,43.84406855,44.36284633,0.021850915,1.190959638,1.019533655,4.845995041,5.606214244,5.955933932,3.270263062,7.946030138,10.4201088,0.00027548,1.886467926,1.095685498,2.458837544,4.217419411,8.38809243,10.90974072,13.91276843,8.135466381,8.401908306,14.81133549,13.05954736,6.346881654,4.466617638,4.740876391,18.2111871,18.61288537,16.8725135
AT5G54810,25.65769445,26.50145396,19.38618518,57.01740277,13.7518675,9.850034922,13.29106633,24.29655177,22.24190044,68.83830268,20.60904897,20.57245629,19.6420616,39.64748999,36.94079969,48.87008771,40.17183161,34.97961576,8.997548017,20.23534274,26.50145396,15.26894742,15.81586668,46.33111249,21.63413036,33.57394042,27.35597509,51.67292916,19.30270083,35.12324359,21.46622129,23.0452404,46.09622076,28.55157319,17.25144951,26.95834956
AT5G57890,5.112606861,2.659511366,4.815874179,6.321609503,3.824661073,2.802714823,2.764974396,16.40929773,8.724241738,12.16593307,2.552353393,2.602186785,3.440804146,5.073490779,4.496863042,3.352038185,2.985278776,4.289455037,1.260172101,3.643795024,1.608388861,1.159546087,6.533665514,3.351588823,8.229507769,2.716305529,5.221372002,3.22708679,3.263258086,4.32325327,6.846727864,1.941509553,3.832263406,2.850950429,3.758993136,8.032105654
AT1G51260,1.269662189,2.801202589,3.562378552,15.75901169,0.080824833,0,0.000275829,0.010862979,0.009091081,33.40533696,0.00035847,0.001045535,0.001960344,0.001838323,0.001454287,0.000318224,0.001632319,0.151940433,0.00027548,2.326629464,0.00016449,0.00125356,0.003170517,0.000180568,0.003057696,0.003155023,0.002076151,0,2.449748565,0,0.000403471,0,0,0.205925868,3.473608259,0.977780615
AT3G57650,17.0665494,8.945441821,8.099966963,7.652519393,10.78509007,10.35005748,13.15460519,6.638649319,5.932646296,12.26103698,9.585198044,9.094092858,7.234135505,8.287595837,7.990074808,9.228720954,10.6188429,12.86578294,11.45954419,9.191584618,10.55329604,11.53781969,8.85896977,10.19701242,20.64994162,16.58813547,8.330088336,9.769839281,12.70826945,14.07824938,9.797764238,10.6512289,7.480918733,11.74814539,18.44572792,20.39009982
AT4G30580,5.705760238,6.390857735,8.059492838,7.351486635,7.985557626,10.60734423,6.272761394,11.44734802,9.592331765,11.71245682,11.73359018,12.45190254,12.35806202,11.29033873,11.0645557,11.04596382,6.980167373,6.259348397,9.084490904,6.258465782,5.920593719,7.364024757,7.403769553,6.029088237,6.54237901,9.502247235,13.60598364,8.666761348,5.782751978,5.664874777,15.41781859,12.01475602,11.64940698,5.682433448,9.653384821,10.34737806
AT5G13640,8.14017834,7.01811246,8.996238778,9.142655954,5.45028658,6.12928217,3.270798134,5.032528877,4.275421193,14.28176175,6.898232489,6.730644348,8.381347573,7.624141829,7.21274533,5.681458502,7.826209288,5.784828556,6.693713506,7.656130014,6.103908131,8.534007601,3.983410519,4.22013106,5.075857107,5.436824914,8.200439853,5.296004896,8.408799455,6.356840156,6.864090293,14.34448195,12.67752515,8.73293486,9.48153711,6.433358457
AT1G68020,2.79725078,6.642125556,9.909759912,8.673881649,7.416331304,7.057065021,8.927757105,21.69265014,15.32294031,0.021850915,5.866207688,5.637695842,6.33920119,8.746190293,9.503392077,9.601163084,7.817086258,5.294840517,4.930905458,10.36612015,10.15035953,6.868354575,9.60439743,7.286849204,2.727862241,3.121889621,6.052772631,8.020656862,3.566138975,4.829156535,9.028143064,8.607986388,6.561645162,3.179453056,4.779238168,5.247177628
AT1G78090,7.593369539,4.142502058,3.817066946,8.94435241,3.96143264,6.631629028,0.000275829,0.010862979,0.009091081,0.021850915,4.348197232,4.333323587,0.001960344,1.273188192,1.364254211,2.04960388,0.001632319,11.1304943,1.423286027,4.571117507,0.00016449,0.00125356,0.003170517,0.000180568,0.003057696,0.003155023,0.865034076,5.01781649,16.31830774,13.32596598,1.157902945,0.057607673,0.004143645,10.7238971,3.473608259,0.411512861
AT1G78580,3.389660612,7.441401664,4.293343532,6.160323541,12.77644981,6.873068307,6.547837314,9.108949182,6.681874291,6.832008625,9.278615179,8.704836654,6.278369671,4.756409497,5.725552129,6.261494391,5.461285486,7.656130014,14.55338086,7.859617005,5.46713954,6.320538002,1.338288682,0.000180568,7.862536373,2.706888274,9.451248054,8.805865506,6.865831541,7.945560322,6.876449805,7.651563442,4.77094726,3.765948016,4.291468239,3.194052443
AT5G51460,6.312193415,8.030524127,7.880435414,25.57444963,3.221812229,4.928471491,5.573872566,0.010862979,0.009091081,44.12355185,2.461895453,2.501576354,5.151609237,8.040597439,5.752739784,5.308177362,1.203287301,3.390296188,3.261172499,5.070029298,1.127585486,2.833306137,10.33580215,4.280980837,10.88673916,8.859440774,9.413431492,4.226586671,4.641791443,5.828066564,7.648488601,15.31882417,14.59102203,9.642284196,7.090430587,7.814198548
AT2G17420,56.37624921,22.87434631,14.10117513,17.82529457,14.39859311,14.77607993,9.840507217,7.730974111,9.650862444,24.81521377,15.61279029,14.86116467,14.39365263,15.74191063,15.47884802,19.33847138,22.632512,48.87008771,12.34881113,16.11342272,16.99520056,21.25546291,12.79600883,41.59343409,29.25262537,22.86577606,15.03719924,32.17526596,62.18645576,55.65968392,16.31293441,19.65083972,15.03429998,58.91480016,86.41286361,61.23206836
AT2G41680,7.403353314,10.54749122,8.042204479,6.229423051,11.65898674,16.48026247,8.063721804,5.728207332,6.028470466,3.487106718,12.44129535,13.99827542,19.07716188,22.82548416,24.90241595,15.7473766,10.68929266,6.700779895,22.24903023,9.101670515,11.1269073,15.61789417,7.537167817,8.132909206,8.012899796,9.877630655,40.82153434,15.33007258,5.90393508,7.11762249,38.71207269,32.27394442,33.89273398,5.471269125,6.114144503,8.032105654
AT4G35460,5.932188569,4.826016521,5.077998826,3.712238967,4.93228079,8.445089736,3.709871581,4.327001501,7.438126392,0.021850915,4.061621807,4.318203069,5.950045872,5.449030926,5.284833479,5.009134313,5.059228853,4.815874179,7.159381476,3.970393614,5.788526844,6.474961835,6.046445034,4.266449197,7.740011561,3.978445856,7.69310834,6.594150089,4.241834069,5.213621791,6.923090321,7.478010778,7.34640717,4.804450277,8.026220746,8.432584314
AT1G19920,15.73820626,6.918109974,4.690071595,3.189504685,23.26765148,21.03666617,10.904379,4.815534665,4.401141165,6.902227004,21.81968547,20.64076523,14.45810904,10.26945755,11.73250933,15.96731441,5.655929501,13.70915193,14.75776132,15.85701108,7.989870975,13.04200603,8.002988473,11.14327359,17.25977641,27.86271363,19.69146959,17.4544876,10.872442,13.11093217,16.28335007,23.97951404,17.18608326,12.67283603,20.07269031,15.47001138
AT1G62180,10.60834204,30.09268378,8.533464103,5.685665346,9.090938287,16.53563803,5.438356622,9.139809758,10.15843684,5.605295986,23.13192533,22.37858104,60.19359686,24.12608214,27.44887341,38.451825,46.61033331,11.55490039,13.81000832,8.625816685,21.0805687,33.27778552,14.00565303,13.18974303,16.30586775,10.2976228,56.12643968,18.76659557,8.728590243,11.13569652,13.52529258,213.5593457,75.46055925,5.471269125,5.908040537,4.026724626
AT3G22890,50.8939816,65.06458564,25.44377281,17.66671358,29.46482927,17.99340658,19.2149195,39.60899379,49.75490353,2.646623822,285.6981519,213.5593457,133.2388521,80.55999843,109.6251843,290.7232669,67.87786871,45.87930911,16.70167575,29.47906618,215.1934263,120.1602374,27.60012132,75.28947746,21.07190986,27.41369556,70.93344896,107.0609633,31.76048969,37.65827282,36.71565733,134.8633942,73.57524259,97.83944754,29.94458817,28.42220554
AT4G04610,11.4674828,17.82907819,11.46835901,25.14316212,11.99175661,15.96914723,7.428290254,4.026502426,6.444067924,42.67752278,69.46482892,45.17125977,43.15849094,15.0959732,25.09106607,75.28947746,108.6214518,21.92457643,8.053105908,11.66991341,46.21200253,33.31056216,11.99375462,63.08949161,7.795325663,5.734085828,18.76659557,33.35917822,11.70981795,21.12942965,4.051699564,41.9025308,24.28119359,23.2105067,5.908040537,5.929306091
AT4G14680,4.580725972,8.221753701,6.694858886,3.746059033,4.303962077,5.320407387,9.306758071,3.996536461,3.688160413,0.021850915,7.447405262,5.470103434,14.86981505,8.723222348,8.748879114,35.52606017,6.462349416,3.850883975,3.145651007,3.429772144,17.17691356,8.633587852,3.849500909,6.937487631,8.912722572,7.077563258,12.53946593,11.11584855,1.799263372,2.35004446,4.791481815,7.12382194,3.246367202,4.038477681,4.543930876,5.929306091
AT4G21990,33.06546128,114.853828,42.74514288,35.42299459,22.92675024,23.0467757,12.87030512,4.014157958,39.93599382,36.28260853,17.19986376,17.63570529,16.44555157,11.24451258,12.32535524,32.97717932,93.26948407,26.89359639,15.5706472,17.19986376,79.58520521,37.36265584,30.14956595,33.35917822,25.37926437,12.99022594,30.99525637,34.61996141,25.71382527,22.26362581,6.271298953,45.00960378,70.38460453,28.28043384,17.97785875,17.43747604
AT5G04590,31.94743284,14.41388566,6.884620419,5.469236419,16.13600218,15.19528763,7.813328234,29.005081,27.59516574,4.554981578,46.85214311,39.18448541,42.67752278,21.69626251,26.49713183,61.77547974,19.62677334,35.95667952,13.0364229,11.07126688,45.08380254,32.99014099,10.53347021,21.92457643,19.62554639,19.98810255,42.21702773,54.20478936,24.39612944,32.39997889,28.17685508,49.01806876,29.62128848,25.55176227,25.9000964,27.21220832
AT5G43780,31.92338539,49.20209118,98.61176474,43.70396714,6.64053668,11.14523999,9.795495233,2.153118834,1.862038482,0.021850915,65.6174456,73.72044746,19.25337406,12.69415543,13.17505241,15.46208966,11.14394477,37.70918919,68.83830268,42.40027782,70.38460453,79.01784538,8.707993635,31.88525581,13.24635566,39.56189851,12.95732005,35.77589161,48.53136929,40.20144394,9.230807817,20.87221767,20.91762039,114.3478474,13.65581445,9.721771246
AT1G16300,11.47953592,2.775098952,1.881820576,2.614306411,4.741644257,2.409562569,2.630871933,8.782219741,8.211086516,4.758012007,2.637827975,2.358642456,1.534213197,1.48983677,1.518749024,2.071726427,2.086848222,8.392452776,1.902480323,3.198451925,3.196821104,3.234554829,5.725106391,7.95078744,10.85938812,6.23974567,2.732779729,3.227496148,6.328344376,9.914551605,2.928930802,1.89591661,3.222119838,5.89499759,11.49550666,15.8913558
AT1G43670,4.803059612,10.72986769,8.434509823,14.58649268,8.668389897,16.30586775,9.843606538,36.60507554,29.37270303,28.12631099,13.1441239,18.13946824,31.182003,28.63579478,28.17685508,10.16396989,9.333671505,4.818444653,41.99186829,10.54873067,6.706955707,13.74823428,11.38217551,5.922783719,26.10458987,28.99326366,37.27239182,5.833214747,6.329459027,3.519092682,27.59516574,18.77620352,20.87221767,7.817372141,9.131764116,9.101898221
AT1G79530,72.88892298,4.525142204,5.676778014,6.916728474,15.92996175,16.40929773,7.561006639,9.871317479,8.949538922,5.654045426,5.919293773,4.742886085,1.812961101,1.394983021,1.715193323,6.145867687,3.830244291,51.00784045,5.442406333,9.459921096,10.70337134,7.484425725,21.85010869,43.48005518,31.70155754,15.22451165,2.083904533,20.121381,53.08446659,58.86803688,5.461285486,1.663077581,0.72248409,35.37950132,38.48332237,55.40467381
AT3G26650,6.143250036,24.54419193,13.4263981,10.55392333,61.1284616,225.6864626,61.1284616,3.821481737,2.872505984,5.649742532,155.6603425,210.1957165,177.7590703,210.1957165,198.4699592,162.1650383,25.0078607,8.571145001,266.6177386,72.01946396,41.26540424,129.0619748,0.003170517,1.976581273,1.137040389,5.006909546,236.8734854,68.43243161,0.368133742,2.125064306,268.3990504,333.1154729,285.6981519,1.570471219,0.820385807,1.238782626
AT4G10120,0.034990445,19.87550159,17.60253391,11.96166239,1.574917774,4.486512742,1.218836184,0.010862979,2.221894566,0.021850915,5.664874777,7.79837381,18.52574409,6.716147487,7.229206741,5.054637738,56.68246647,0.067830869,7.733648927,7.489033818,21.47416812,9.134135094,5.506317808,1.447548198,0.003057696,0.003155023,27.28669891,0.400767707,0.330935751,0.130647103,6.838216653,23.0467757,26.93558975,0.437070928,0.30891128,0.8990072
AT5G20280,16.28830526,34.94073802,38.13082604,19.65083972,12.96121575,14.69659605,3.732646606,13.70475502,12.52890413,3.120307183,16.10459782,16.29052872,30.24484012,11.88712164,15.81586668,13.69160657,43.37248248,7.05797468,24.90241595,26.49713183,29.64765607,46.17610728,3.244456054,13.17808081,3.558108604,5.906181372,14.7365318,6.643680312,11.49725561,7.545850546,11.53353071,20.42821932,20.90771306,17.438628,10.16361977,5.011925065
AT1G17745,25.0078607,14.06547606,13.24757929,10.61445412,15.8184115,24.98978905,2.082406526,0.010862979,1.92952268,0.021850915,41.07202628,38.24420834,16.4575514,3.796765771,4.026093162,11.35822151,60.05582165,17.45803121,26.61529557,23.40085606,40.40078971,32.51615367,2.068745772,9.448838512,2.632029011,9.136563216,3.766880632,14.6110896,17.43198808,14.98766494,1.12241635,6.089944765,4.573446175,31.22243066,18.61288537,2.884082229
AT1G18640,9.463104548,3.857804196,3.265748277,2.648061167,7.797014716,9.843321226,9.680650828,3.413901239,2.840342599,5.068368495,7.949575563,8.038965212,9.265379782,8.44387635,8.438961258,8.736259854,4.80097553,8.803470734,9.579854096,5.032918422,5.282143707,6.733162287,4.784307094,6.592106668,6.14045179,6.93909198,9.370312708,9.323429156,6.599031053,8.065965135,8.625257156,8.19593235,7.061157994,7.616414748,15.92740862,15.47001138
AT4G35630,34.25945643,47.22614735,22.92675024,19.37478102,19.62554639,20.94131857,17.40094819,12.02264544,17.25144951,5.493561579,25.71382527,21.9488261,13.42803238,8.044288524,9.595688452,23.46639175,52.7616214,29.29636946,8.784338911,36.05425936,38.78119127,32.34732199,21.83544719,32.58251924,16.26939179,10.56450717,7.820227845,21.80135625,22.66238265,31.3531541,8.841367145,3.785322307,5.676265361,14.59605476,25.20104979,23.75968169
AT1G02500,337.83891,42.5917713,26.46190226,26.20047941,58.86803688,50.67356228,44.76361168,5.499869559,6.039081403,22.51054067,705.2404887,1056.468263,84.06368047,64.26650531,72.58878811,68.21300723,45.76545794,171.2905569,251.2913365,45.27658199,307.4152067,434.6284005,56.2766722,135.9629619,8.589067114,10.89539244,52.07224969,114.5050528,232.4684645,174.4406986,70.04008303,58.51390421,36.31667251,348.4154538,116.0955674,66.47032138
AT2G20690,6.729021327,6.437328993,7.173123832,5.016537856,8.050613583,12.12874532,4.092409665,7.304280886,7.241798559,0.021850915,11.36898673,9.975733338,12.49276764,10.9676943,10.8903913,11.74027777,7.070588782,6.310454066,9.271104911,7.692405241,7.752524559,9.739736916,7.088553327,6.400548647,7.614772976,7.361678361,19.56125615,13.70475502,5.075661422,6.227695424,15.60100071,16.14123282,13.38491482,4.804450277,6.487076205,8.032105654
AT2G44050,15.65402017,4.558056975,4.605763453,5.079406629,13.56198922,18.20329304,17.63570529,9.909759912,8.527891648,4.824328951,9.77736178,9.278615179,15.7995715,13.54063355,14.40759616,14.2108805,7.01510756,13.6082953,9.873941825,8.710816263,6.703510757,8.529675737,12.49139595,9.476236572,21.13737285,16.08094786,20.92853511,14.92692568,11.71999026,14.60708238,20.62279623,13.952899,13.38763494,8.913850804,15.92740862,27.21220832
AT4G20960,3.356962386,3.45099096,3.500424815,2.908335766,4.595136503,6.538031247,5.314747009,5.891207881,4.924580981,6.147592731,2.812520901,3.501636949,5.232049155,6.884620419,6.456628896,4.531038486,3.127946875,2.724594684,3.608186683,3.746693608,3.762850448,4.756409497,2.348857758,4.767446024,4.590486714,4.143009391,7.420212824,4.844545729,2.079710028,2.976482647,7.838612996,5.111593709,5.428140922,2.489375461,4.779238168,6.892014255
AT4G21470,9.048781823,21.11875254,18.51517636,12.12841101,8.059492838,8.540610733,11.81359481,7.246037747,6.264791874,9.961371028,5.907268516,6.327723042,15.68387719,6.336880939,6.699454392,5.320407387,57.54990414,6.88814891,6.227377315,13.10943712,8.196476578,11.24239263,25.92433694,9.989070734,7.695284203,8.417297848,5.514455132,4.914501906,7.693680691,6.668892683,5.283045193,6.919754188,7.699802549,10.7238971,8.94435241,8.866374071
AT5G64300,13.3827964,23.26765148,14.81133549,10.74059121,10.35563489,10.15541871,6.450001876,9.861439234,23.72047669,6.474961835,8.045015638,8.93338185,11.54029339,11.55745626,10.10283153,12.87563792,18.46280508,9.843606538,10.5575115,8.902158033,20.06228424,12.16435785,16.54612637,13.0364229,12.35962221,26.03555558,18.65370706,12.62721366,10.71230312,10.00524289,14.93178185,19.56125615,23.36205229,11.10809,11.49550666,8.032105654
AT3G25860,27.96029343,1.585523874,3.085156175,2.442463036,8.279709221,12.43462364,28.27153211,2.628389284,2.020118857,0.021850915,6.197727663,6.34028308,5.931282421,9.305987683,9.584760463,9.908466823,3.213852668,13.56084808,6.439735028,6.318410077,4.74528175,5.01076478,4.057473214,5.561007246,9.04298861,4.735482648,12.44038858,10.97694577,12.00098341,14.61191278,16.4598885,12.52600744,13.34774955,7.616414748,25.9000964,33.02054662
AT5G14760,1.745478365,4.919259452,2.509928209,6.733162287,1.777180842,1.794740433,3.119853304,0.010862979,7.434185874,14.57639248,2.490259636,2.692948801,3.54109829,3.239322653,2.071094673,3.083966723,4.397823681,2.226110584,1.710679959,2.23778469,2.273189576,2.563357833,2.212992443,4.683482399,15.02959135,3.922150503,10.73100406,5.20410185,1.724010122,2.435712002,5.050435858,20.82745505,19.06305475,1.570471219,0.387653517,0.542755523
AT5G50210,5.639490978,6.639541945,6.235005778,7.491496655,0.455043539,1.13523136,4.264430163,9.18890113,11.50175586,12.6976779,6.229910593,5.492510552,4.984935875,8.141765106,8.792145152,8.784338911,12.69501051,4.915475755,1.53266748,2.475439979,0.99354637,2.323186782,6.314333011,8.030524127,6.326821168,7.502201275,8.530170088,5.282143707,6.132688268,6.110184153,6.250611979,11.55490039,16.44310903,6.674731152,5.908040537,4.277215559
AT2G27450,13.35188321,17.98942624,20.81500016,14.87859414,11.29033873,14.09518229,8.793400689,12.78947617,11.04959641,2.709177846,12.6233629,12.17635671,19.74749302,14.60173657,16.58813547,17.46709366,17.18608326,17.23589713,10.68340188,11.98446508,14.39479517,14.4775101,11.46586116,15.3795909,14.30086804,12.12538713,23.03968822,15.45575496,17.23788359,18.26027577,16.69455872,14.65355688,10.15541871,14.97256436,15.0571221,16.28673533
AT5G08170,7.420212824,17.44537061,11.81036041,9.851318536,10.35861202,12.18540451,9.127834619,6.684650299,6.687706549,7.626583212,7.860445601,7.825384797,14.86608503,6.829649565,7.639406757,6.230820245,9.774649409,7.019141893,14.84754664,8.800255808,19.20507784,19.52359238,6.130422666,8.207873494,16.62736315,14.93774498,9.728732743,4.538867405,6.240816068,7.112845869,5.528517717,7.430234484,5.474024936,4.292725257,7.090430587,7.121063702
AT1G32200,3.996536461,4.286970243,3.961654152,2.830310855,7.172859016,8.616256261,5.514131237,4.294524307,3.711399727,0.021850915,5.300171216,5.224194365,7.428290254,9.968677447,9.223268036,6.706227357,8.345572612,3.114216985,6.896388794,5.988981241,5.076564701,6.249301634,4.085607081,3.240631771,4.988521592,3.241409601,16.6342853,4.540491504,1.643753083,2.534927506,16.73284384,13.03524519,16.48026247,3.481317433,4.543930876,7.359316782
AT2G39290,5.191420595,4.259794874,3.428117703,2.993635438,7.410513896,10.27592873,6.824044504,6.108170326,4.828886264,4.915475755,5.04553177,5.228670111,6.438259731,6.834283362,6.533665514,5.700101865,4.356052736,4.605763453,6.399492856,4.652044937,5.286207077,6.663811914,5.713727668,4.300861501,6.895739857,5.460400543,8.101686151,7.087924363,4.222563345,5.317197047,8.619177136,5.715455394,5.237385943,4.292725257,9.131764116,9.101898221
AT2G45150,1.609836159,1.843040765,1.765568758,2.232562876,2.708213775,3.423458962,3.549940008,10.52758089,8.917549383,5.460851898,2.449579315,2.55531035,4.0869318,2.428877587,2.415082528,1.413205795,2.781514361,0.960169158,2.337965543,1.414750793,2.434662989,2.533765387,2.613442565,1.768050017,3.18989881,2.81297104,2.80355511,1.482353546,0.619815691,1.184254013,2.844165127,3.417450518,3.484785483,0.952874437,2.409562569,4.277215559
AT3G60620,3.214377277,3.51671558,3.140375206,2.315542744,3.685214244,6.939395445,3.774773748,4.928137685,5.215388589,6.837215271,2.872141789,3.47273741,5.260139519,4.542497129,4.346403616,2.607894231,3.126277256,1.597514715,4.580725972,2.427194981,2.641576994,3.689456084,2.874019102,1.760999978,4.078694864,4.010476831,4.989343427,2.434124075,2.342357283,1.715193323,4.740388422,6.639541945,6.336880939,3.481317433,4.291468239,4.531038486
AT1G53240,99.7430054,16.79815733,17.59263657,15.69314051,33.35917822,43.35388979,27.01212317,8.706004205,8.213784537,2.708772959,24.95525807,24.54419193,20.86778582,25.6971441,26.61692849,32.18094081,12.88575338,53.2942653,35.2374609,20.80658612,22.24190044,25.99769204,22.78711236,26.20047941,41.07945029,19.46591085,48.05127209,35.62488415,48.89370143,61.32747614,37.15977973,43.27386904,28.11692736,59.29902081,139.6176371,106.3965615
AT2G05710,64.47216578,50.22275289,34.04838249,20.11507148,24.97630138,27.76116458,10.27287849,41.62465719,39.46016302,10.87903509,31.71178518,29.66099143,38.21970235,18.57253914,23.98481645,25.31370418,69.35739686,42.21702773,22.70666212,33.27189065,37.47289087,56.8079064,80.55999843,43.27386904,56.37624921,90.15484432,19.92977888,24.97630138,62.39023214,49.20209118,21.55086373,26.80088749,16.65587576,53.72476995,49.40386793,36.84274456
AT2G13560,26.61692849,19.38618518,16.70850152,12.15262761,25.88446322,23.50645864,10.37084987,9.772165929,7.817372141,4.291751621,28.37244535,25.31370418,26.82383611,23.12796369,28.21978581,27.82628391,27.35597509,28.63579478,26.80541658,24.21725889,23.75968169,31.34684042,21.07511671,35.95667952,25.79248201,29.09253738,20.38546848,23.55344423,27.85994459,31.92338539,24.79546677,21.35039047,14.07976471,18.85163358,26.80541658,23.75968169
AT2G17130,24.24078817,13.55452802,12.45190254,10.77160314,4.733166962,7.404134928,4.843490018,7.555155584,9.583452224,8.994751972,7.095432234,6.867902,10.71002073,10.38528366,9.922857762,9.403499118,12.33890954,15.92996175,5.469236419,8.052348034,9.489775053,10.01697195,6.461603714,9.335218586,7.848814796,8.425734283,9.501707416,8.246686513,28.02731242,19.00727072,8.064140498,8.232446899,5.78697244,40.77996495,22.23798067,8.629902426
AT2G44350,58.42754488,36.42580365,27.68264562,22.44750727,15.91283962,19.33383092,17.96626162,45.12553047,37.72150528,17.23190977,18.53219124,17.0267252,17.24198871,14.87566887,16.7151268,18.45830327,43.35388979,51.37260331,17.99665543,19.82459353,21.98205316,27.09742778,29.39576762,19.63687448,45.17125977,20.31600168,19.6845529,22.06097554,79.79324971,57.27740632,17.47497933,15.47995365,13.47307799,65.00687715,42.52194187,23.95647979
AT3G09810,21.28864007,9.60439743,7.645054123,7.9115545,5.15459817,8.138520648,6.332280335,3.320062094,7.309927803,11.19007513,5.6917133,5.723363066,5.435789776,7.296585211,6.854735531,6.862208571,10.88020451,13.9855609,6.165175716,6.159081428,7.415201938,8.749877927,8.737019966,7.735550318,11.17862136,6.637717873,7.552162717,8.211971109,23.03067127,17.23788359,5.748794352,5.992394141,6.591074926,26.62699768,22.06097554,11.72781494
AT3G15020,21.07511671,6.854735531,6.850378123,8.146857074,5.230155744,9.9578167,9.979262203,6.322921437,6.941327379,13.14331938,4.756686527,4.397823681,5.481569891,5.451787103,5.213928981,5.043601201,7.286440825,13.71973334,6.59842925,6.320538002,9.791202301,9.649430954,2.55258328,5.451787103,6.684650299,3.107663572,9.048781823,8.713759077,19.04134887,16.51742197,5.936402728,6.4295909,3.391857584,29.94255555,27.48830466,15.26768769
AT3G47520,30.14205092,11.90306372,7.312300675,5.945494266,13.87097079,16.27157891,17.99665543,8.430177108,23.75968169,2.717162395,13.17808081,12.89040563,11.55647055,11.57839176,11.48194452,11.4887927,9.306758071,19.24188405,9.650862444,11.19963974,9.679448696,10.17703606,12.51460417,14.11912153,8.580405576,9.326826411,13.92498094,13.94656822,15.97297538,19.93320918,15.62134101,11.24898264,9.145240763,19.06042749,29.08474181,27.89376317
AT4G00570,21.9977212,14.29386561,11.05666344,10.50708473,18.36663736,14.93178185,2.769105181,3.678982296,3.745057169,12.00098341,10.3669263,10.34849461,11.4713929,16.72042088,15.80825147,13.04818233,15.21234088,16.70966798,15.04194645,12.78166815,9.500786875,9.583452224,8.220470541,14.41748257,8.90843091,6.505085745,14.34210693,13.20183818,16.09548097,19.23129132,14.26775646,13.71356941,17.98942624,17.26829514,26.49713183,19.41097933
AT4G26970,46.12208222,25.31370418,16.83562912,13.17167933,8.293671964,9.416029415,5.896556027,6.041026532,5.695356841,14.91745073,14.85413996,14.08683692,17.41781683,18.20329304,20.38706787,21.12942965,30.98592639,37.32594216,12.68162021,11.57080926,14.11537276,19.74468871,12.40495097,18.34847682,26.80088749,19.46268583,16.82309793,15.21234088,65.75230632,44.40407001,16.52778715,17.63570529,15.46333264,71.11446672,33.31056216,10.15450652
AT4G35260,35.89579226,20.54396255,15.33445554,12.70137987,12.77476845,15.41949238,10.51038003,8.406153107,13.93289408,11.99716537,12.17914093,12.0530971,17.64058313,14.21264224,14.65774673,14.11816008,23.31208231,24.80932233,11.89066919,12.87261694,14.61551988,16.54845496,19.4052916,14.40067612,20.46310024,12.45004314,14.84845568,18.63675437,31.06768363,25.66409377,13.11021497,15.60100071,10.54232212,42.26973618,34.79228372,20.57722063
AT4G35650,0,0.320068283,0.606331799,4.575044498,0,0,0.000275829,0.010862979,0.009091081,14.10842611,0.00035847,0.001045535,0.001960344,0.001838323,0.001454287,0.000318224,0.001632319,0,0.00027548,0.060666177,0.00016449,0.00125356,0.003170517,0.000180568,4.545839493,0.003155023,0.002076151,0,0,0,0.000403471,0,0.027405521,0,0,0
AT4G35830,56.93195499,34.30420907,19.22531405,17.12227969,20.12460849,23.38699543,24.49520347,21.95193561,18.79127793,17.39482413,39.26253624,40.35323411,32.18094081,38.24420834,43.948884,51.00784045,38.37078175,45.12553047,22.32886935,21.74266755,32.1432256,37.93744922,40.20144394,53.08446659,30.35082901,53.97319488,38.91402612,39.93599382,44.18728841,46.61033331,41.40115024,29.11269668,23.65756312,34.28715684,50.8939816,42.26973618
AT5G03290,43.15849094,29.70692696,20.04115748,16.87390513,14.51363248,16.88015732,10.61445412,14.4775101,23.37216395,16.39529833,15.04975549,14.30469646,21.42639843,21.34685631,21.75799091,20.7663208,32.1432256,35.74152063,15.15725765,17.97582125,21.57233473,25.36083288,22.53724886,23.6059428,23.9032816,17.98545868,20.72924206,29.17827576,41.59343409,36.75624531,20.92607373,22.53724886,17.73094416,57.58869518,41.62465719,23.95647979
AT5G09600,38.32056299,15.01849663,13.50441312,11.65898674,9.804173149,13.38491482,13.91489987,14.75776132,14.13348113,10.7254375,14.86764017,13.39002671,10.65171021,8.734151635,8.844289584,10.70194578,16.22926315,19.06305475,10.90501239,12.35962221,14.51363248,13.9366976,17.18907148,12.44570988,25.91574367,29.77740804,11.1948837,11.1948837,20.57722063,16.99276525,9.685842365,21.59257727,14.77025099,2.063431517,2.409562569,1.734109799
AT5G50950,0.011564733,46.12208222,39.64316392,41.9025308,4.026502426,9.496882094,0.000275829,0.010862979,0.009091081,3.50470986,13.1460633,20.07556194,105.3900358,31.1623428,31.35876162,17.44258697,20.55816873,0,9.089281804,29.50913318,3.77903223,25.57062511,0.003170517,0.000180568,0.003057696,0.003155023,49.32068674,1.259095466,0.3021991,0,11.98666524,32.94602333,32.92918757,0.952874437,0.30891128,0
AT5G66760,64.0815076,73.72044746,81.37180546,38.5430401,20.62699637,20.56208582,10.46746203,25.50442534,20.80850148,16.07142749,12.96121575,12.37020852,11.12563122,10.00037863,12.15350152,14.60708238,76.60223991,36.42580365,17.59263657,40.92692418,31.91488199,35.69889062,26.30263405,25.80415909,47.07778944,32.65605768,14.38840068,18.66118358,56.37624921,48.80642781,14.4705428,13.64587927,12.17041423,55.37819733,55.18298525,44.64848642
AT1G21100,10.45835051,0,0.000281434,0,0,0,0.000275829,0.010862979,0.009091081,0.021850915,0.00035847,0.001045535,3.252329427,13.98770789,7.802069978,9.446713857,6.353985791,33.1646052,0.00027548,0,0.00016449,0.00125356,1.572591069,6.65939545,0.003057696,10.09696307,9.317974017,9.921482847,20.14340438,20.86778582,1.395709024,1.404162466,0.978239613,26.16710699,0.46233691,0.279282946
AT1G21120,9.447728133,6.886257251,1.927503523,0,0,0,0.000275829,0.010862979,0.009091081,0.021850915,0.00035847,0.001045535,2.070492166,12.67053861,7.444527866,5.876202712,0.917692991,2.432192277,0.00027548,0.228120429,0.00016449,0.00125356,2.186387006,5.699451169,1.01082803,15.33612889,2.557493095,1.796246639,3.858459563,7.122953414,0.000403471,1.222199548,15.32496184,39.25654713,1.377352849,0.977780615
AT2G44490,28.17685508,30.14205092,19.4513783,7.050707502,6.856395762,5.223284644,1.428880416,0.010862979,0.009091081,3.515810814,12.80385278,14.12561578,56.68246647,60.81367216,40.10001988,45.27658199,23.59422236,19.37478102,12.9955847,9.907480196,12.01887112,17.08813936,2.232932168,12.85396291,0.003057696,38.20039456,35.89579226,25.88446322,34.58910598,23.65234316,20.91460008,16.58813547,45.68272814,35.21738856,16.86779729,5.929306091
AT4G37400,7.856223297,0,0.000281434,0,2.198418468,0.176398388,1.953252513,0.010862979,4.04942516,0.021850915,0.861521504,0.465749013,3.200409822,1.792670628,1.846923796,0.560163125,1.877922052,6.051656963,0.00027548,0.348486902,0.00016449,0.00125356,0.003170517,53.66382218,1.090322104,1.436738339,0.980735086,0.293817871,5.70685535,7.159688867,0.000403471,3.406544037,2.501159623,3.765948016,10.98176075,9.939917499
AT4G37430,4.75998568,36.82308658,17.42264558,11.45112195,4.576271298,4.92775842,4.508766815,21.4612135,29.79948469,7.438735635,10.33636189,10.28254975,4.648786569,2.039435284,1.69571543,1.774170611,312.1839626,4.249083685,8.525135386,16.51742197,28.35752725,18.35913477,0.003170517,47.38135089,2.871835242,1.002004477,1.942381057,4.521091099,4.01103584,4.22055067,0.597783543,2.451675085,5.68499726,0,0,0
AT5G44070,15.21520683,29.005081,24.55681918,11.91624673,14.81133549,5.955021357,7.63022002,3.506065421,2.638778237,0.021850915,6.876067288,7.058435411,19.33383092,38.46452414,24.24078817,23.37216395,9.667060829,14.60388663,6.842432303,10.38820928,15.81189093,11.31030832,9.771358031,16.52510979,8.848069418,17.00697939,22.0917517,13.5414752,16.70536929,13.35188321,9.870681855,11.11661495,39.00598662,30.13346372,16.29814153,6.433358457
AT5G57220,1.426950928,0.573836872,0.000281434,0,0,0,0.000275829,0.010862979,0.009091081,0.021850915,0.00035847,0.001045535,1.482876633,12.85158265,6.09582537,12.15834031,4.324677804,4.01168338,0.00027548,0,0.00016449,0.00125356,15.03946763,9.595688452,8.66598335,40.99651388,15.96273,4.642174996,2.697544432,12.63188054,3.467081399,1.797701946,3.273609097,13.54241427,0.387653517,2.199294443
AT3G44300,33.52864371,187.9402674,45.4972647,14.09518229,4.991857308,3.403793533,35.52606017,11.05975236,11.37903886,5.832591196,1.77919928,0.872154954,1.551167113,0.001838323,0.001454287,0.344380203,468.9563989,34.89124276,0.00027548,41.33550703,460.1071229,1903.800003,6.908115384,56.93195499,13.1951147,181.2336546,0.002076151,5.315764674,16.08624452,23.20384925,0.000403471,9.464526645,0.070130658,8.201466349,16.11003383,12.89304157
AT3G44310,88.33945604,891.4399442,727.8376169,112.634275,51.12025454,86.28680268,44.70564359,38.49471554,41.52702829,7.736592245,107.4785627,117.4098338,272.7606408,326.8968043,326.8968043,307.4152067,675.6015359,33.47120224,199.4712377,416.8269288,315.8565073,1233.855806,97.83944754,150.9105057,9.847319199,41.83854689,170.2261058,134.8633942,56.68246647,38.67490371,137.0771098,264.3073466,103.5564042,62.59056204,15.76625428,14.34329444
AT3G44320,35.65176457,27.00321752,34.57616837,10.73902015,3.76551777,2.657948003,2.903189417,15.26005736,15.50062221,0.021850915,0.00035847,0.001045535,1.628079292,5.386427573,4.544796083,5.076564701,31.95615893,16.35216048,0.00027548,8.324813701,4.390690425,4.150238987,28.34887206,18.03202559,3.832263406,3.510553005,5.935193208,2.92582587,24.29354374,22.21435399,3.122450538,2.254987006,2.472123022,35.37950132,27.07380717,18.19921142
AT5G22300,3.15779411,54.53105052,5.701906364,4.079847087,2.107658271,6.65439689,34.51251899,13.09997696,11.88089967,0.021850915,3.423458962,5.471501797,8.727158871,0.871247894,1.427381851,0.000318224,6.592666435,1.157902945,26.50145396,7.85412598,41.13778267,121.7035481,0.003170517,4.336562456,3.472024212,14.75776132,4.026946826,0.240968674,0.264713727,0.158523166,1.763321256,0.949335116,2.734203983,1.570471219,1.927265861,1.734109799
AT1G12140,9.648362463,17.42634276,10.94564332,9.085558191,4.040827323,4.835843234,8.399203805,11.53697463,11.28358689,0.021850915,10.34472883,10.28969798,13.70307147,12.86130639,15.19731722,14.4213587,13.81000832,13.3334931,11.70594158,7.480918733,26.34636236,21.19388871,7.794741542,6.680258872,7.094580184,5.883358161,11.72839613,10.29575267,19.00727072,14.56169894,7.813328234,9.105557527,6.032997447,12.32474616,4.543930876,2.199294443
AT1G16400,3.454825674,3.163537907,0.000281434,0,0,0,0.000275829,0.010862979,0.009091081,0.021850915,3.120307183,1.655718337,7.686863252,1.506810733,2.213401541,4.031501758,3.831805799,18.94233538,0.00027548,0.053645942,25.70196793,13.05104575,0.003170517,0.290281682,0.003057696,0.003155023,4.488523971,16.08094786,12.02150502,15.68387719,2.113489114,5.920014009,0.195182925,2.063431517,0.023088718,0
AT1G16410,0.003354,5.78697244,0.000281434,0,0,0,0.000275829,0.010862979,0.009091081,0.021850915,200.8173478,91.43035146,102.3530199,17.26348585,36.75624531,133.7099657,15.53012974,0,0.00027548,0,126.5744781,94.55892338,0.003170517,0.000180568,0.003057696,0.003155023,13.75395555,36.57149893,0,0,9.295546611,32.55898064,1.50574136,0,0,0
AT1G18590,7.859133083,6.937031391,0.957468456,1.231173058,4.018809768,2.074079865,0.000275829,0.010862979,0.009091081,0.021850915,44.76361168,28.12631099,36.57632588,8.329762214,11.44734802,34.45706114,9.040192617,14.61551988,0.675261418,4.817930602,43.22274849,22.51560027,3.50882182,7.817086258,1.147413337,1.710047873,10.5365757,23.1548411,7.830531234,15.92996175,6.477529988,16.10848453,1.696972164,3.765948016,1.377352849,2.199294443
AT1G24100,17.64058313,10.96175554,6.125566703,4.349285777,6.439356481,6.029576136,5.715778656,6.322635375,6.972461748,3.153480805,44.70564359,35.16171675,45.27658199,16.0504614,20.83396442,63.08949161,13.04444836,24.21725889,6.933402405,8.021558189,58.57054049,29.94052293,14.7501446,33.40533696,5.519769744,4.796357684,18.9434326,40.68385443,17.17691356,26.02928111,12.86882877,20.31988508,7.061629044,18.08863424,7.643900922,6.15400516
AT1G62540,0.008961459,0.608866103,2.076802349,2.228229467,6.971635325,5.89819012,0.365311154,0.010862979,0.009091081,0.021850915,5.821091707,6.597470209,2.500078339,1.216484231,1.202127435,3.570283041,5.920593719,2.062268686,13.10082532,8.18596279,2.51902983,2.51252251,0.003170517,0.000180568,1.43278361,11.07086655,2.099292882,4.583100032,0,1.787623698,0.981614114,2.147245546,0.000276162,0,0,0
AT1G62560,0.091733344,1.879177325,0.000281434,0,0,0,2.81674026,0.010862979,0.009091081,0.021850915,52.7616214,34.31833826,32.30628061,7.08817227,12.52771921,33.5798076,9.104585978,2.849826216,0.562182565,0,59.48417136,31.88525581,0.003170517,0.886523364,2.436117733,0.003155023,6.457897629,22.09953577,0.277082566,2.836896235,3.774261827,16.99276525,1.106384325,0.032458052,0.023088718,0
AT1G62570,25.89487044,14.47415912,11.05280098,10.36254508,3.406964768,4.306290943,3.823772749,0.010862979,0.009091081,0.021850915,6.128895103,4.507234548,5.936038819,4.349816624,5.046699728,1.940033418,20.25293361,18.69820676,6.135790251,11.30448174,43.3965547,44.12355185,5.481223058,12.33293368,12.18999111,2.806662253,1.493351345,4.977466818,29.97293186,21.28718824,1.324861099,3.756863308,1.794180473,75.46055925,16.29814153,6.659833789
AT1G65860,0.099471373,2.993635438,0.000281434,0,0,0,3.160378721,0.010862979,0.009091081,0.021850915,33.35917822,16.89952617,21.59873373,8.790095443,13.04200603,45.36520175,2.905059726,0.429917903,0.00027548,0,28.8788583,16.22304652,0.003170517,0.000180568,0.003057696,0.003155023,7.562307053,16.95134705,0,0.24924294,4.794130127,16.86779729,1.208324308,0.05986572,0,0
AT1G74090,6.924017031,7.783029501,7.415538409,6.68494989,6.110184153,8.337563876,4.809954579,2.081420092,2.202855788,0.021850915,45.12553047,30.36175135,47.79427816,14.6110896,21.15679377,54.67630539,10.35476822,24.36371688,10.33524242,7.802069978,105.0859583,50.40970012,4.286223356,9.599976353,2.309259595,3.092405083,13.32596598,36.94079969,17.08813936,19.97779137,8.44387635,26.93558975,6.716147487,7.817372141,6.684275604,2.545674963
AT1G74100,45.4972647,23.72557913,21.84776551,23.73238037,34.57616837,12.53839591,11.14327359,7.620508311,8.343438978,0.021850915,35.62488415,39.64316392,31.55956776,25.0078607,20.04115748,73.1407019,17.62014826,38.22891893,10.78573855,19.06716817,47.92738592,25.6971441,45.87930911,74.08948466,10.00679695,11.55074053,31.06768363,49.87558348,28.70300744,46.81811626,17.08190003,20.62279623,17.00697939,43.72345481,11.14894177,11.1198301
AT2G20610,16.29309482,13.65530083,6.975917409,8.233491188,11.98666524,7.290337511,4.495590298,9.853619706,10.60111191,2.81594537,55.5639632,38.86024405,59.7359181,19.52859148,30.55772046,91.89090558,15.92208943,26.3590008,6.716979008,10.60904289,70.65699843,33.42348273,11.18103498,22.71847651,9.641214862,8.854523886,18.88235672,56.16683688,19.37716029,26.46190226,13.36968092,26.67152993,7.594644522,22.2338865,6.889845017,9.492176958
AT4G29210,10.85938812,9.101670515,7.224336908,6.476532934,10.01893205,8.895481051,3.483226427,7.124342829,6.440580861,0.021850915,13.71356941,12.80953715,12.01581312,6.329459027,7.392623176,9.477982638,11.79097847,9.18890113,9.090938287,10.27189272,11.73619602,18.52901777,5.649254722,6.640008365,4.286223356,9.858508534,5.418385946,7.054756844,10.73100406,8.580405576,3.195168716,5.302621072,3.433704429,17.26829514,16.29814153,13.14783191
AT4G13770,2.46283398,10.5327283,0.000281434,0,0,0,0.000275829,0.010862979,0.009091081,4.57276874,244.9224792,155.6603425,143.3934826,40.26081226,69.04874694,166.6586285,18.35036827,27.00321752,4.492977743,0.295392784,152.9052234,85.58337133,0.003170517,0.000180568,0.003057696,0.003155023,30.2914859,49.72656432,13.92104037,18.92003761,13.77240581,104.3527796,7.657668536,0.437070928,0,0
AT2G25450,68.25097963,152.4155659,89.0481681,56.87744143,2.978977711,1.559049384,15.81224841,2.154537687,3.73815924,3.432297534,77.87696245,45.12553047,98.61176474,41.80791304,61.77547974,130.0557437,181.7224326,55.5639632,1.89370471,60.73509863,514.1795154,650.5281628,7.363059248,45.41162563,2.377606898,3.740906607,64.0815076,222.8701127,93.96031861,62.55286308,48.17331629,60.00018461,48.87008771,72.26386492,19.06931101,6.15400516
AT4G23100,47.63786832,32.81149422,27.93754424,15.31710317,23.27843515,34.98933115,21.20148404,80.43638611,69.81358776,5.956245143,52.64373757,49.59301118,51.19252877,30.14956595,40.40078971,74.45693588,35.65176457,57.01740277,23.76180518,23.65234316,76.46326582,44.10036284,26.60329561,46.12208222,33.10361939,57.01740277,39.74884083,107.8370731,65.98686489,49.16853368,38.74802101,33.64535044,24.9504199,52.16985553,40.21373823,24.96429972
AT5G27380,17.42264558,12.13923888,12.79463616,9.055916932,24.69360216,20.76052882,10.27900048,5.955336444,5.487718969,5.738372891,21.77763328,19.25337406,21.23524115,15.63283731,17.44074724,32.1866354,13.4263981,21.14971544,11.4484605,15.61022832,15.96731441,13.10517579,13.3313651,14.13623884,10.38820928,25.3189304,22.25357932,27.54744453,17.6259932,18.15695317,20.00897074,10.38406155,7.787754932,21.32551733,17.44258697,19.80730531
AT5G37830,9.120853634,4.917988377,5.284833479,4.390220927,5.494432621,6.251774152,3.509345958,4.572400698,4.046053105,3.812048271,7.427339289,6.906966622,6.908652624,6.152559348,7.286849204,8.224155229,6.452785074,8.843625809,6.349984373,5.436824914,9.121329178,9.144021428,6.716979008,8.415525227,6.83605771,9.135555161,8.229507769,8.857632157,10.517569,9.848673201,7.439546889,7.732298634,6.353985791,11.57523066,8.214802745,8.237711248
AT3G03250,39.46016302,15.21330742,11.88529383,13.85651582,18.69272469,27.35094689,17.23386127,5.258412062,4.932635466,23.43390793,27.76116458,26.70862596,19.86460405,15.02959135,17.00799144,19.87368436,35.194936,31.182003,47.80355066,17.73736981,22.65742242,40.53539108,45.44487953,25.55413606,30.88495126,18.61288537,25.8110548,20.50192779,30.00986994,37.14874078,19.79887007,18.21935501,15.22451165,15.47808344,49.72656432,21.76848016
AT5G51820,4.089249421,2.776839449,1.770157468,1.610812225,7.625404835,10.15739153,11.53353071,5.220300778,4.224319659,4.542045739,5.990695514,7.602906876,12.16012551,14.92805169,17.46570544,9.487716903,6.036786983,3.187415846,10.61641277,7.502201275,2.995254234,6.032997447,4.020335571,5.832410105,6.107521834,5.424114463,24.76917702,7.010864666,2.833306137,3.272241033,21.78894718,15.62975957,22.87015745,3.179453056,5.009944989,8.629902426
AT5G52560,10.42319914,9.290587974,8.289873964,11.18578548,6.502637465,10.88885611,6.635541133,9.09672935,10.10448987,20.30605237,12.8557989,12.36366223,6.723175742,6.322268552,7.055230646,7.430826425,9.964027128,6.326306244,17.13808881,8.037979946,7.863674761,10.87781817,8.945441821,4.774335664,6.044413727,5.64241336,5.605295986,5.205631807,10.2882655,7.213432404,5.737201787,6.036786983,7.078903599,13.3709276,10.69601204,4.026724626
AT2G43100,3.102983495,6.197727663,0.000281434,0,0,0,0.000275829,4.297440418,4.564954549,0.021850915,63.54996468,23.12796369,65.6174456,16.48196031,29.69845203,60.44797306,7.245435881,22.79906401,0.00027548,0.034363868,225.6864626,50.56144036,0.003170517,1.179998847,0.003057696,0.003155023,21.56589226,65.69352762,13.18560913,18.34564215,11.8083247,28.37244535,2.271284428,1.570471219,0.0587917,0.279282946
AT4G13430,29.06987193,20.12460849,11.28720877,8.897760056,24.04114282,19.58652957,20.11334798,16.70850152,13.51504897,8.909539309,124.1616494,73.42282232,86.41286361,29.20114841,48.00335611,106.608882,23.65234316,63.73792029,13.09515237,21.46622129,174.4406986,87.84145206,32.94602333,28.23231697,35.29438088,22.40229819,37.06594763,85.81310918,38.67490371,54.81573109,30.94234397,41.26540424,23.92248911,25.88446322,25.3559473,42.26973618
AT5G14200,8.198195356,9.451248054,0.000281434,0,0,0.375706124,1.107004469,0.010862979,0.009091081,0.021850915,186.2400437,81.74660447,114.853828,26.2032501,61.68976429,194.8415108,7.239891543,59.10882748,1.440309083,0.417017128,254.6078081,100.1052039,0.003170517,1.519102541,3.811534127,0.003155023,31.45155986,148.2964163,37.06594763,55.09661907,16.63112293,25.22371518,2.432192277,4.554812808,0.176398388,1.734109799
AT5G23010,0.559252162,12.18177584,0.000281434,0,0,0,0.000275829,0.010862979,0.009091081,3.567584642,304.953261,123.4139173,156.1789213,28.70873642,76.60223991,248.4032816,20.42821932,22.2338865,0.322908055,0.62029022,183.5833009,134.4629963,0.003170517,0.772525982,0.003057696,0.003155023,33.02627625,82.57110347,6.891145196,15.60863935,21.02591888,65.6174456,4.732483199,0.05986572,0,0
AT5G23020,7.559628814,3.824661073,0.000281434,0.165349235,0,0,0.000275829,0.010862979,0.009091081,0.021850915,0.00035847,0.001045535,0.852890831,2.550084201,4.796910763,6.242202962,12.08327764,44.49141998,0.00027548,0,127.5511302,58.42754488,0.003170517,2.071094673,0.003057696,0.003155023,8.043330651,4.786029436,20.22576977,36.57149893,3.49344629,23.05915262,0.991816022,2.850950429,0,0
AT1G17050,9.053467713,9.846048251,4.360293193,4.569526983,2.980112773,4.099168226,5.195144722,5.035302952,6.85673364,0.021850915,5.03627432,6.638649319,9.472254305,9.055264569,5.990214517,4.772185446,6.556865222,4.975239447,8.736259854,5.476142491,3.748533554,7.354886381,3.853571479,5.28586097,6.438850186,5.194638528,15.6254126,4.753192567,6.928590435,6.101719428,9.729689428,27.60012132,23.72047669,11.45047078,7.282510706,7.359316782
AT1G78510,4.546278594,10.10448987,8.993802152,6.793021106,4.998320459,7.427339289,5.308177362,8.401908306,11.35230426,3.281527918,8.231915901,9.284178324,16.29499335,9.481236503,9.732196973,8.980878922,8.906285312,3.155509051,14.38840068,6.84715257,7.246037747,11.0645557,3.437936007,3.039896499,2.695110373,3.530719123,15.48330175,7.063503202,5.317197047,3.45262099,10.56116721,43.23349,22.97773619,6.104842703,5.908040537,4.771565965
AT4G17190,14.77337805,2.430542518,3.106776757,2.032970006,18.34564215,18.39596831,17.66507791,0.010862979,0.009091081,0.021850915,6.490960715,6.341191324,5.559314692,5.990695514,6.15187273,7.48497796,3.100613049,12.68523431,9.988062191,9.724490009,3.392499951,4.465220381,12.32005727,8.805174807,15.49795178,7.753078676,6.231684989,8.799581711,7.618789088,13.76708343,8.540610733,4.789155642,4.284506461,3.765948016,26.16710699,25.38562119
AT5G47770,44.36284633,6.389859905,8.843625809,9.031873336,22.80334054,28.03552191,1.979488244,0.010862979,0.009091081,10.77160314,10.1794907,10.86879156,10.15964513,13.69456588,13.90773696,12.69173695,4.810506964,26.19440087,18.47453142,14.26220459,4.243678012,6.163782848,8.100819971,12.97375272,10.15964513,6.843162209,14.45437381,16.98558276,28.28043384,30.53338084,16.99830559,11.19963974,11.54766089,35.89579226,76.27932597,54.36198401
AT2G36310,21.74266755,11.71100737,11.45588788,9.592331765,6.558045011,6.923672817,11.37903886,2.892107062,3.001750279,9.911786457,8.938861352,8.587281299,7.610171593,10.14677334,10.78653861,11.23396118,7.996304679,13.17362556,9.055916932,8.600970543,9.503392077,10.69782452,7.697247914,8.346630162,8.322828893,14.38385255,8.587281299,7.987924132,24.69360216,13.5293079,7.306009497,6.166618906,7.80122837,40.18663778,21.59257727,7.359316782
AT3G53900,5.505954765,0.683756685,1.964593537,2.218951108,7.277493035,10.77766165,11.48250209,0.010862979,0.009091081,8.786164303,1.42842847,1.592239208,2.785133301,8.102913211,7.994898656,6.134520814,1.198520181,5.03699406,4.57812543,5.00165171,0.408460772,2.114515627,6.143895519,4.062774404,18.03654486,6.892344451,11.24898264,7.21612298,3.546806959,5.255811329,12.34881113,4.028697014,6.273932871,2.850950429,6.314333011,11.95903184
AT5G40870,5.281240427,2.494512412,3.129603755,2.366599794,8.345572612,6.31322559,8.195366971,4.044257371,3.314805282,3.435647065,5.67781325,5.463307733,5.245585561,4.755204992,4.761266198,4.824328951,4.314922632,5.070397293,4.786634437,5.272494173,3.973628052,4.339579033,5.081931653,7.234135505,12.6233629,12.71206389,6.440129226,5.209805094,4.063966776,5.91629601,6.856564701,5.294840517,4.508766815,3.765948016,7.282510706,10.34737806
AT1G73370,0.379793005,1.440823741,2.612630402,3.491110691,0.237627795,1.533137964,0.778473268,0.010862979,0.009091081,3.473608259,4.226586671,3.972354619,1.097695,1.100666366,1.627060637,3.560825907,0.001632319,3.726022346,3.835945835,0.496419972,0.00016449,0.00125356,0.003170517,0.000180568,0.003057696,0.003155023,1.734109799,1.962120865,3.729386436,3.504998894,1.413205795,1.51691913,6.094877903,0.952874437,2.409562569,1.238782626
AT3G43190,0.395670948,0,0.000281434,0.397568149,0.050981032,2.379119897,0.000275829,0.010862979,0.009091081,0.021850915,2.199294443,1.256760469,0.001960344,0.001838323,1.848654272,2.514415697,0.001632319,6.320538002,1.800645553,0,11.37847461,2.071094673,14.40759616,57.10582439,23.38699543,162.6013186,0.002076151,0.845133449,2.652086771,1.90613185,0.000403471,0.478764306,0,2.489375461,0.46233691,0.067830869
AT4G02280,7.792599581,21.93750187,17.96062282,10.71002073,0.092305836,0.110712478,5.687357143,99.3929329,71.57775039,0.021850915,0.45358297,0.72688159,2.810171969,1.343872697,1.20025715,0.000318224,8.339343824,5.004585129,1.10020123,10.6100551,11.89066919,13.18560913,0.003170517,13.64773891,1.725587755,0.003155023,0.72926383,3.640433581,3.824661073,2.932662361,0.000403471,2.883146769,1.357005759,5.682433448,5.908040537,2.545674963
AT5G20830,2.240698804,52.64373757,60.28645313,41.77182029,17.01893086,16.10306061,6.038440323,0.010862979,2.654347561,4.508435971,12.40559077,10.19701242,9.99509274,10.10964383,12.17703376,10.15912056,71.67220474,17.33060943,9.189999835,56.68246647,44.80933822,8.737780077,19.39300052,39.74884083,27.69160637,132.4256522,6.480031868,4.775059922,5.243905671,6.335500675,3.448873972,8.921663009,8.239140998,4.554812808,1.377352849,2.545674963
AT5G37180,0.255774252,1.617342182,2.510387359,2.439582335,0.187856638,1.535294993,0.000275829,0.010862979,0.009091081,0.021850915,3.124655227,3.354056894,1.010266705,0.001838323,1.510369678,2.466912875,16.58813547,2.85821151,2.937045549,0.252882031,0.00016449,0.00125356,0.003170517,0.000180568,0.003057696,1.412262505,1.274737822,2.153118834,2.89181223,3.045296529,0.910457265,0.703257076,0.02742592,2.489375461,0.820385807,0.162035152
AT5G49190,0.133518477,0,0.000281434,0,0,0,104.5312577,2.321408579,0.009091081,0.021850915,0.00035847,0.001045535,0.001960344,0.001838323,0.001454287,0.000318224,0.001632319,0,0.00027548,0,3.095178904,2.321408579,1.452011164,0.000180568,1.844389601,1.442643385,0.002076151,0,0,0.117918343,0.000403471,0.243425503,0.005128019,0.020262441,0.541482878,2.199294443
AT4G39640,3.47822572,33.53757344,15.11474831,10.50088247,7.054438111,1.803910933,5.421194226,0.010862979,0.009091081,7.611721154,3.604914138,3.709871581,9.958003565,35.88228219,26.2032501,24.59860197,15.6254126,4.032515325,1.973266923,5.077998826,19.51920389,5.030410426,4.352556548,11.47461183,2.137122409,9.269852006,12.88575338,3.46558805,3.983871022,2.941051218,9.333671505,15.82337682,30.13346372,5.682433448,10.51821982,2.884082229
AT4G39650,0.009240174,0,0.430104978,4.063966776,0.051728662,0,0.673000372,0.010862979,0.009091081,9.800722851,0.00035847,0.001045535,0.001960344,0.001838323,0.001454287,0.000318224,0.001632319,0,0.00027548,0.088669567,0.00016449,0.00125356,0.003170517,0.000180568,1.202127435,0.003155023,0.002076151,0,0,0,0.000403471,0.003075494,2.351053566,0,0.023088718,0.411512861
AT3G14940,77.65755,1.21484862,2.219520331,2.238175398,0.237071272,0.586353555,1.808245583,3.35368896,3.094734469,7.406455773,3.27856349,2.704089843,1.914289976,2.337484146,2.116983931,1.787225177,0.746090491,41.07202628,3.701600087,0.245992842,2.655690778,1.953252513,2.819432745,6.922162794,6.466287786,3.101560423,2.15600709,8.840808214,121.7035481,59.4299911,1.427947153,3.278987667,0.206935642,63.49366079,28.85909788,4.277215559
AT4G33030,4.993345642,6.255966092,4.917988377,4.692989403,9.036947578,14.29655271,9.285340742,8.835613974,7.845137012,7.745458306,8.730490617,9.275871624,21.13737285,12.69824924,14.27734765,11.70662297,38.5430401,4.094171738,9.868021241,8.199911225,6.889058744,10.37084987,57.62748623,26.55032532,6.633862427,9.41006773,17.73934433,6.71107705,4.045363283,4.307257203,13.93515755,14.12561578,13.09997696,4.804450277,4.779238168,5.929306091
AT5G01220,8.330519187,7.282003597,5.230155744,4.578355042,4.592172497,8.278839742,2.411352028,7.627324178,7.063503202,0.021850915,5.724452365,7.403353314,23.37699208,11.89256832,12.6233629,8.863504788,111.1470675,5.272099031,11.95202164,5.003450541,4.483914222,8.101686151,38.93689166,12.95940735,6.928349799,4.967886362,13.38763494,4.337544448,12.13683143,6.725655749,7.361290524,12.12204965,12.50629015,9.285103885,11.98666524,6.433358457
AT4G33150,9.483918386,122.8590724,222.8701127,69.46482892,12.50629015,8.28228562,6.243687865,8.864231939,7.347943672,19.19364344,22.71847651,21.88951474,10.4190038,2.197060135,3.352771687,6.873897258,150.9105057,16.68803341,15.37399391,112.375683,52.66873364,60.28645313,3.216850043,12.89223848,3.954187383,12.6279075,5.86816998,13.05333218,20.96451326,13.15460519,8.216659183,4.257132646,1.978989831,9.469153594,4.035496433,2.545674963
AT4G36400,6.138864631,13.69807614,18.22409878,11.9699285,4.586326577,4.998698075,5.907652356,7.852572025,6.268080452,3.699257285,7.094067245,7.011242958,9.868855309,6.163480542,7.361678361,6.136311264,11.73359018,5.692939306,5.570360615,11.35320164,8.000610879,8.614005908,3.737748885,4.606168335,3.541572745,6.69653766,4.362093166,4.580725972,8.052690825,5.874480345,5.875766618,4.831634614,4.057803351,9.642284196,6.314333011,5.011925065
AT1G01610,24.33810124,3.395216682,0.812559705,1.281162811,9.088966027,17.43198808,10.60904289,0.010862979,0.009091081,0.021850915,1.23804872,0.877508129,4.478069269,14.41135836,12.26103698,6.030035497,1.747788581,9.842220212,9.101670515,7.057582044,7.241798559,1.352977472,11.79097847,5.73521132,11.7861088,1.51691913,10.20405824,11.8083247,15.89980519,9.919333419,10.77200672,11.98885019,0.740433195,8.388273004,0.114678863,0
AT1G06520,0.019852486,53.08446659,59.7359181,14.13348113,16.26939179,11.54368202,29.57467943,5.928100274,22.20923777,0.021850915,1.191492907,1.430492866,0.001960344,0.852890831,0.755835518,2.466127392,6.975549426,0.886157884,0.00027548,18.57823755,7.877857012,2.89730239,6.104842703,1.882301246,0.003057696,15.48148871,0.895215761,0.954888281,0,0.16093832,0.478764306,1.529104477,0.105023918,2.489375461,0.114678863,0
AT2G19450,8.277809279,9.847319199,9.512069124,32.99832805,3.825393028,4.223405299,17.18537254,33.02054662,32.15555066,47.07778944,4.592399362,4.83361919,4.930905458,5.275337276,5.718681309,3.237733495,9.68128163,5.91276387,3.498383552,8.291672465,5.940505656,5.463779719,0.003170517,4.57812543,5.02659936,6.272335874,2.871287872,3.458122666,9.484382224,5.942580856,4.088906112,0.93461499,11.78907635,14.26331248,8.407281793,6.892014255
AT2G38110,10.36899519,34.09981921,160.5405566,40.40078971,7.542261129,5.281240427,0.000275829,0.010862979,0.009091081,4.047745013,0.404302128,0.001045535,0.001960344,0.001838323,0.001454287,0.872999009,1.141736564,4.780082185,2.154985518,43.23349,6.934589616,1.267479321,3.270987517,1.183515083,0.003057696,0.003155023,0.002076151,3.233108222,5.319774958,5.948578972,1.948138353,1.40358447,0.002196565,0.437070928,0,0
AT3G11430,15.10667582,3.778246404,1.949577883,58.22460976,0.257750762,0,3.780643921,0.010862979,0.009091081,0.021850915,0.00035847,0.001045535,0.001960344,0.001838323,0.001454287,0.000318224,1.593178134,6.322268552,0.00027548,24.28813775,0.00016449,0.00125356,0.003170517,1.399415014,0.003057696,0.003155023,0.002076151,3.730312804,6.694858886,5.791873372,0.000403471,1.542268182,0.891282573,4.554812808,0,0
AT4G00400,2.623749624,0.908458207,0.896161642,0.158523166,6.113414226,7.874514016,0.000275829,0.010862979,0.009091081,0.021850915,0.580148931,0.751147542,3.193354975,10.19965741,9.665234399,7.054438111,0.001632319,3.7032926,3.45262099,4.232719295,0.00016449,0.575846613,1.003232235,2.026979356,11.58412831,1.545672681,10.86780402,9.59799462,1.21167773,4.152892073,9.775077711,6.710619416,0.665744184,6.474961835,0.541482878,0.685308387
AT5G06090,6.561999034,0.70200123,0.000281434,1.398808713,0,0,0.000275829,0.010862979,0.009091081,0.021850915,0.00035847,0.001045535,0.001960344,0.001838323,0.001454287,0.000318224,0.001632319,2.821677657,0.00027548,0,0.00016449,0.00125356,0.003170517,0.776453189,1.120757999,0.003155023,0.002076151,0.530951379,3.559274719,2.631627962,0.000403471,0.256081002,0.094699433,4.038477681,0,0
AT1G15080,0.619407298,0.492089879,0.000281434,0,0.74098362,1.097239975,5.669744611,0.010862979,0.009091081,0.021850915,3.128341066,2.6979198,1.550314367,2.014772874,1.920897593,1.429413134,0.81416096,1.617342182,1.739100549,0.242283658,1.649978061,1.96815836,1.565400097,1.647313637,2.518602917,2.909998992,1.753109075,2.80589743,0.470167258,1.527313079,1.938105993,2.118818472,1.580355902,1.570471219,1.377352849,3.768798343
AT2G01180,9.580661909,29.38511319,17.91703229,11.49605992,6.601621629,2.434662989,17.25977641,2.716765215,4.988814371,9.115979878,1.416730259,1.87376243,3.850042195,13.34213549,6.719011768,8.786834436,12.37398744,9.655048951,9.682210657,1.899602881,29.9050627,12.28307289,6.933826277,4.652626352,7.441401664,4.396947273,15.46333264,9.727039164,6.87934527,6.048897216,6.327167906,5.31526879,53.64981579,9.797764238,7.643900922,3.490697209
AT3G09560,6.895739857,10.05881077,8.727561102,10.15649114,8.025632993,3.52591178,6.476157603,12.68523431,9.909759912,10.9554468,5.497907399,5.381682329,6.547837314,4.78346254,4.912702407,4.464272724,17.26224947,4.30778375,5.269605174,8.666175888,12.86578294,9.234467153,17.74682327,7.69310834,6.732395121,5.468774313,4.55163971,2.650713853,5.92958609,5.146164812,4.140504608,5.298890797,11.46628071,7.075016849,4.543930876,5.929306091
AT3G50920,3.965750031,2.800692187,2.46565236,2.900708242,5.478337223,6.126366539,10.69668314,6.444418413,5.71420265,0.021850915,3.202509968,3.282756764,4.646520466,5.571209531,5.079406629,4.080109443,3.225121772,3.508364935,3.249191737,3.791004719,2.332713277,2.827672597,3.759479451,2.528503892,4.14748439,3.431487529,4.257459495,3.092405083,3.166132375,2.499661571,4.008436398,4.743242516,4.514579208,5.259482469,6.114144503,9.101898221
AT5G03080,14.45437381,11.73250933,10.32962325,9.228720954,8.388453578,10.20773103,19.62554639,13.91276843,11.53036731,9.267854903,11.18103498,11.66991341,8.902158033,10.18542208,9.605952926,7.308566446,12.26736406,9.95530594,9.055264569,12.27161159,13.39522855,14.37766726,6.733162287,8.21506802,6.664927478,6.710091166,7.012875987,7.276810843,12.27452679,9.963220261,6.64053668,9.968677447,12.40404793,18.51204126,17.97785875,8.629902426
AT5G42870,10.16885311,8.103302357,9.734216663,7.730603371,5.387340862,4.999627745,2.514875541,17.78002226,12.86376008,8.996916854,6.134954141,5.648120108,7.63022002,6.399970282,7.634644712,8.055966287,15.09365076,8.436868911,5.478337223,8.057564712,6.938045988,7.072370822,5.667102041,8.629575191,6.897769111,9.876646898,6.536067078,7.657236477,12.26153597,8.7053838,6.328090948,5.659208326,6.145360981,13.18632578,9.99509274,6.15400516
AT5G66450,3.120307183,5.220626823,4.433106324,3.406544037,4.543231337,7.343025243,6.910357253,5.153586874,4.536664064,0.021850915,4.529157263,5.194271668,4.560618101,5.523365108,6.030035497,4.462319439,6.108170326,2.617073969,5.876202712,4.487061652,3.775770899,4.972823382,3.831805799,2.067230776,3.189504685,2.451675085,3.77354912,3.218047997,2.251856828,2.709930203,4.153902292,5.248779979,7.546542218,3.765948016,5.009944989,6.433358457
AT4G30340,3.804445396,9.113450363,6.549337663,3.820018885,4.748476455,6.551391292,4.214958077,4.308003528,5.258412062,0.021850915,5.066051292,5.425059507,8.739105271,12.02062683,10.89941745,8.942303409,7.277994198,2.926525173,7.066458696,5.63683143,4.935990421,5.738372891,2.80991351,7.604358529,9.589939419,6.107028311,5.265905831,6.590662468,2.871835242,3.209389424,6.155125038,7.294106017,5.740919259,3.765948016,3.473608259,8.629902426
AT5G63770,4.501565229,10.89261572,8.915855369,10.37729096,5.495840559,3.485591851,2.193248536,2.122745599,3.249642193,18.12727885,4.143758734,4.52599353,3.517571634,5.651899377,3.756863308,3.274361739,4.736718934,2.500720151,4.093307628,3.164328981,10.59701109,5.452774817,5.511022508,4.492183684,8.924207319,10.54802621,3.463212019,2.998304743,3.709553991,3.416956086,3.046263147,5.442837824,14.9411001,5.036185249,6.114144503,4.026724626
AT3G08510,12.48912418,19.70457177,25.37401651,19.48925534,19.79887007,20.65679971,7.943839463,16.1937598,20.12460849,16.2790278,47.63786832,51.67292916,40.87813314,22.97237891,31.76483849,42.08183003,34.80273832,15.76898617,29.62128848,26.48898601,22.41378293,31.94743284,39.00598662,29.64765607,8.541035627,12.31703943,17.03098638,23.76180518,17.24198871,16.90555127,24.88721337,19.63687448,11.66466416,11.24933949,9.99509274,8.866374071
AT5G58670,1.510118466,3.976816373,0.000281434,3.474434615,0.16347456,0,0.000275829,0.010862979,0.009091081,0.021850915,7.34256426,7.558714992,11.65729484,12.53839591,13.85527499,10.15417199,6.101168765,4.359508854,0.00027548,0.327590299,6.120971535,4.223405299,0.003170517,8.523230012,0.003057696,0.003155023,6.643680312,2.641156508,1.700620516,3.817511854,4.59274884,9.579854096,21.58145671,0.437070928,0.176398388,0
AT3G11170,7.356433281,129.0619748,42.15155132,41.7329903,28.95794643,26.78577501,11.1269073,4.467159444,34.4515939,13.69249227,17.44634507,27.00321752,23.31208231,46.34966812,40.00796051,33.02054662,15.37656931,5.950045872,40.31290539,38.36026777,25.57444963,24.10392627,38.36026777,18.09247908,8.01857091,10.51984523,57.54990414,20.00292024,4.087257682,5.498976968,45.22369823,63.08949161,115.9303603,4.554812808,5.697587564,8.032105654
AT3G15850,4.551283778,4.107241727,2.935119713,2.185679079,4.038838806,11.67179735,9.451908219,23.46639175,20.24468246,0.021850915,8.431688997,10.10570478,12.68594425,16.63761351,12.60640775,11.96238165,4.005985369,2.60825458,12.45190254,3.980853429,3.319633221,2.972761329,5.526939363,3.086222447,10.65171021,3.749214892,39.04779153,9.68128163,2.090429085,2.72497448,32.75184274,48.94371535,40.22603252,2.063431517,4.035496433,7.596956754
AT4G30950,12.13473161,9.771358031,22.06097554,22.07976913,24.36969678,34.61996141,17.13867505,17.00799144,16.54845496,8.621718979,22.37858104,27.36948096,29.90092196,61.1284616,55.5639632,30.14956595,14.40759616,9.957052413,38.21970235,26.30923039,15.11328675,20.76268061,33.22718936,14.91673722,12.79600883,10.35816024,97.24208545,31.88525581,8.396202969,10.49874424,87.58328313,79.79324971,73.93468137,11.96166239,14.59499089,19.0454997
AT5G05580,3.226486557,1.592239208,0.804999448,0.792592881,3.693713435,4.565327088,5.930214621,0.010862979,0.009091081,4.74577577,1.627060637,2.35004446,3.770696519,9.573332278,8.616960395,4.22055067,0.577411459,0.863417534,6.089944765,2.446246921,0.550385211,2.638340947,3.319633221,1.175180597,7.227853514,2.845985555,19.25337406,2.379566553,1.08815902,1.342533879,12.31577155,10.0196953,12.34704644,0.952874437,1.927265861,4.531038486
AT1G70560,6.492189002,0,4.981786318,0.844495948,5.910566193,3.756422642,12.1915848,0.010862979,0.009091081,0.021850915,0.00035847,0.001045535,1.696587928,0.63037203,0.001454287,0.000318224,4.231550242,3.262346884,2.938811741,5.696526908,0.00016449,0.00125356,5.879348726,4.533418617,0.003057696,2.718199392,9.115979878,0.511908342,3.445692322,4.152392278,5.90840121,2.636265067,0.021792784,2.489375461,14.59499089,7.359316782
AT4G13260,0.169066869,0,0.606882661,2.551977275,0,0,0.000275829,2.694525933,0.009091081,0.021850915,0.00035847,0.001045535,0.001960344,0.974196738,1.551167113,0.000318224,0.001632319,0,0.00027548,0.063679809,0.00016449,0.00125356,0.003170517,0.000180568,0.003057696,0.003155023,0.809887211,0,0,0,2.256362546,0.222640992,0,0.257041735,0.114678863,0
AT1G76490,47.79427816,28.63579478,33.73894346,60.81367216,28.80725965,23.62132476,13.87042421,15.80055231,20.56883165,61.68976429,32.19109195,37.16993431,21.07190986,32.01501554,36.95201549,36.02224736,50.22275289,35.81332487,23.20384925,41.98017711,14.58106128,18.79409188,10.19409084,28.41850851,9.374461656,8.611386818,24.02806573,31.06768363,39.95897797,31.76483849,51.81801178,93.96031861,59.7359181,49.74073393,62.17557652,25.15849096
AT2G38700,33.27778552,8.239850731,8.480931497,8.016275386,8.951773985,10.09211385,11.98260518,0.010862979,0.009091081,8.332303663,6.83605771,6.352082943,5.896256422,7.818791034,8.344689561,8.401301477,7.097594321,23.50645864,8.707426055,9.032883439,7.814668249,10.20773103,4.812463727,11.37996522,12.01135224,7.235510485,8.854523886,11.06566564,27.59516574,25.96062933,10.73558784,9.225717459,9.772165929,24.53483854,47.38135089,35.95667952
AT3G02780,42.63500858,16.98558276,21.23808271,16.82579382,12.6279075,13.46701176,15.97297538,36.10531944,36.42580365,7.363532994,13.51808431,13.75531231,19.57922957,16.35078682,15.20956059,14.1029559,11.45241386,47.22614735,10.77160314,16.27157891,15.70620121,18.93104093,15.0571221,32.44213718,20.30334674,21.84776551,18.08784448,16.2914579,52.07224969,43.74294248,17.42100773,9.991290304,10.60335578,45.58955215,74.08948466,46.48786615
AT4G11820,39.08928748,5.871905496,7.790012607,13.3813772,16.51272658,20.1831895,24.81521377,24.10957187,22.53724886,23.13781778,13.52347179,13.15356406,7.869737284,9.667060829,10.19633231,9.291393063,8.525135386,25.70196793,12.71035575,11.78720938,9.233261838,9.301218123,17.26617448,12.67213557,25.37401651,14.95746378,9.77736178,10.14677334,26.70862596,30.89386995,13.37531067,5.022647884,7.083970341,23.37117925,39.10841058,42.65803505
AT5G16440,20.39112596,9.126976003,46.69974539,19.30270083,32.38203626,17.01776225,13.95346682,4.762957112,4.515499619,4.288305144,9.409506852,8.384534207,8.592508858,10.78060503,11.36207114,13.60165648,6.895078615,17.23190977,12.00251062,28.80725965,7.943839463,9.051854149,9.447728133,9.096073463,17.23190977,12.36614978,10.15348932,14.76006898,13.09740877,16.34960275,11.41147759,7.602559072,6.494261164,11.24933949,34.69863684,30.87223413
AT5G27450,13.59477904,3.100073752,5.11671731,6.939395445,7.361678361,9.192490495,4.687029155,0.010862979,0.009091081,15.63901442,2.833306137,2.928471915,1.199700491,2.777251212,2.88144368,3.521668645,4.003987984,13.77240581,7.081390383,5.462026158,2.107658271,2.342015361,5.518637613,5.569870124,9.578275881,4.610146898,5.571982788,5.460015361,16.40471464,13.76449756,7.168179455,1.729660848,2.516412726,17.96062282,15.76625428,10.90248227
AT5G47720,6.32554634,4.688171249,5.882922066,5.90393508,4.820734252,3.828291612,20.19516136,34.83722363,26.02928111,0.021850915,23.73238037,24.53791057,10.16548578,4.099168226,6.149841918,10.73100406,4.789155642,15.47265207,9.096401406,3.986765894,20.00897074,11.78410717,9.645106812,10.47038005,4.004758805,12.81221544,6.668105223,11.31727735,12.28061525,12.43838921,4.789155642,7.063503202,5.496637752,12.67283603,3.156234014,3.194052443
AT5G48230,40.86394373,5.051331374,11.96809576,6.498857824,14.40868163,16.14376567,24.35770306,8.951773985,8.395207864,4.272187323,6.597470209,5.896556027,8.019253996,8.227431256,8.583957329,9.128788842,5.037260381,22.71847651,7.650354219,12.34351785,6.649751553,7.815108054,7.400294041,10.27249067,15.74406909,8.341452406,7.284601393,9.846048251,26.14464074,26.35455472,11.12165572,9.77900688,5.938967725,39.62607886,68.23199343,40.93437935
AT1G67070,1.341123648,8.219368941,4.787944383,8.631498397,0.832198968,0.668538059,3.210393094,3.68147243,3.104400023,16.42809742,2.125675264,2.316784611,1.501079819,1.488128544,0.979687441,0.685631589,13.75131682,0.260294487,2.437843834,2.513617998,1.909431157,2.643490661,0.003170517,0.000180568,0.003057696,0.003155023,1.886467926,0,3.088980862,0.724559828,1.608388861,3.198937488,6.317545384,3.179453056,0.820385807,1.734109799
AT2G39770,34.57616837,59.07169856,49.87558348,84.43196689,65.69352762,65.6174456,31.3531541,14.92884285,22.06524781,81.8829004,47.38135089,57.62748623,37.99633355,32.51615367,34.89124276,72.77734776,37.45299836,31.19925729,56.30795294,87.22263557,29.47906618,35.30487923,21.54263784,60.73509863,18.357231,24.4679234,25.71110151,31.30139639,30.66045769,29.06987193,26.09804817,29.24537461,46.07188786,25.55176227,40.21373823,22.49693669
AT2G45790,34.91272026,8.042204479,8.012899796,6.646383478,14.9411001,28.26246552,11.74546413,2.905059726,3.041669576,4.594288291,16.35078682,16.12467426,18.80617279,18.52574409,20.39112596,23.81995301,7.092035333,30.99525637,25.49218387,13.04818233,6.343665121,8.946446736,11.64577588,22.82053932,24.02806573,14.58820285,21.0805687,23.77120609,27.58935853,31.11933456,20.11507148,14.7264683,11.36898673,22.01606732,77.94198078,47.07778944
AT3G02570,13.60920426,11.88089967,10.5960529,14.21554695,12.1915848,29.30015417,8.341167609,24.21725889,16.10306061,22.07603426,8.848596836,10.34555654,15.47495074,50.56144036,55.47473646,22.2205881,10.01190094,8.604234741,16.55173098,13.32038844,8.793400689,17.42100773,4.567658359,5.309016433,5.919293773,3.962106936,12.70093943,9.404825959,9.605952926,10.05006274,15.33105491,10.73902015,16.52003345,9.996844189,21.4048048,10.71841131
AT3G02870,7.830208391,4.554981578,5.00103978,5.083399857,11.13138773,20.39297725,8.604917591,2.827086816,1.92271242,7.311252668,9.139809758,8.615836793,10.71371805,10.60188064,10.59997766,11.66209278,12.95379639,8.227832227,17.01776225,8.338217196,5.529056573,6.704947732,88.84233884,16.89536247,8.864231939,13.50441312,16.11158312,10.16223515,6.653253428,9.317974017,9.649430954,9.279836938,8.838305246,4.804450277,8.407281793,9.721771246
AT3G47930,7.650851416,3.736248825,2.732779729,2.410945656,5.429457897,5.750279115,4.783158215,7.994533078,7.408132479,5.284833479,4.696294041,4.336562456,4.033896018,5.022647884,5.496262365,4.798262086,3.559274719,5.91207995,4.763321668,3.731231612,4.239577439,4.471488953,7.055230646,6.432718632,7.532513215,4.33542116,7.786588821,5.08143686,5.041153198,7.996304679,7.437427306,5.90125721,5.479508139,5.036185249,8.597026821,11.49854109
AT4G26850,9.089597582,40.22603252,28.03552191,31.78047394,34.48324788,35.89579226,18.6574428,57.62748623,46.61033331,24.29354374,56.8079064,61.68976429,91.43035146,35.02305426,34.88584241,26.62699768,47.45396091,5.380524008,96.65511291,35.69889062,43.35388979,61.63748241,8.290923441,10.19581943,6.845671566,15.91960227,35.69889062,12.17177818,8.388453578,4.696877984,21.95193561,242.4684368,81.54731777,13.54241427,8.026220746,3.768798343
AT4G33670,4.826478139,5.210453901,7.010313055,5.88036713,6.868354575,9.686922799,18.92710621,35.82165574,27.00791856,7.064638265,12.60942541,13.85651582,14.06413244,13.15571345,13.36851026,12.08696347,6.26429853,5.262975766,5.948934376,7.640074887,6.926314206,8.245068742,4.489358446,4.833291946,7.216420731,5.715617025,12.26243308,9.050896533,3.464246734,4.009081837,11.46835901,10.41684666,10.88845357,5.259482469,5.009944989,8.032105654
AT4G39120,8.624815034,2.093818448,2.442903155,1.444533094,4.501051224,5.825190807,0.362302571,3.233489856,2.050472767,2.700206451,4.98739864,4.254281206,4.742352701,3.998359133,4.340553643,4.58675736,3.44289717,6.684462951,5.059228853,3.411827641,3.471441248,4.013191153,4.743242516,5.707990456,10.72849475,6.649294436,8.205848745,5.738020913,5.319054324,8.034630549,7.604358529,4.68392221,4.356747569,2.489375461,6.114144503,10.15450652
AT5G28840,19.05796307,21.47181131,17.43198808,12.44817029,34.51251899,33.89273398,42.08183003,14.91130779,13.9133915,11.48194452,24.65005151,23.82987428,37.16993431,27.75401159,26.68378869,22.52090799,18.12727885,15.15380864,48.75424377,29.25863243,17.82529457,30.13346372,35.58888144,14.1029559,26.02170465,22.34292193,52.81439799,28.40967233,11.97733074,16.83450527,64.20106915,72.88892298,45.99888788,11.45047078,20.40302768,22.24376252
AT5G55120,10.10448987,8.572149486,8.731810632,8.488578121,27.01723826,15.09365076,9.186555369,10.77431615,8.102913211,4.533418617,14.22778455,14.1029559,8.583293173,11.58054731,10.00648388,21.85010869,4.052466213,8.614534771,8.221753701,20.40495262,9.272130334,5.878251705,9.087200488,10.82964125,9.465319051,11.95903184,7.618357995,10.38748276,6.248443333,8.420705283,9.097992385,6.899047568,19.62061234,11.96166239,8.214802745,14.34329444
AT1G02050,2.31354869,1.011446695,2.455078919,1.190574366,3.979179979,2.108121512,0.593181607,7.010313055,4.909560522,3.091881968,3.647665219,3.831577496,3.164328981,1.450794704,1.712045841,1.810310986,2.039859761,3.397045373,2.125289208,1.541129644,2.710337896,2.065383344,4.574710101,4.566140332,2.513273819,1.920897593,2.706076817,4.072983727,1.084063248,2.713407061,4.285379439,3.507820491,4.525142204,1.570471219,4.035496433,9.296971688
AT4G34850,0.020670949,0,0.000281434,0,0,0,0.000275829,0.010862979,0.009091081,0.021850915,0.00035847,0.001045535,0.001960344,0.001838323,0.001454287,0.000318224,0.001632319,0,0.00027548,0,0.00016449,0.00125356,0.003170517,0.000180568,0.003057696,0.003155023,0.002076151,0,0,0,0.000403471,0.026737784,0.029173027,0.020262441,0.46233691,0.162035152
AT3G50740,15.15152703,0,0.000281434,0,0,0,0.000275829,31.5790795,29.17827576,4.50690387,0.00035847,0.001045535,7.443914076,14.46333652,13.3334931,21.74266755,13.25166029,21.84375492,0.00027548,0,0.00016449,0.00125356,0.003170517,2.641156508,0.003057696,0.003155023,15.09837378,7.633950027,30.14956595,28.79065107,11.70719549,7.064638265,3.699638591,0.05986572,1.927265861,2.545674963
AT4G16130,4.233727578,10.96496505,23.05587818,13.5072322,5.903211965,5.867191775,4.490691408,19.88045407,12.22678763,5.684122243,10.71151287,11.8071552,6.344689494,4.812463727,5.703235662,5.448460742,5.826476078,4.359139597,5.508839641,13.5202569,14.92468568,12.71206389,4.151419949,5.453700865,8.025508288,13.38646839,5.641051101,3.572041875,5.266271087,4.524737814,6.335500675,7.08965015,5.50249039,4.038477681,4.779238168,4.531038486
AT2G07050,19.20791576,6.038440323,5.301186472,5.286798723,8.190175632,8.938306998,17.42634276,3.78720124,3.005044588,6.546185512,11.37746276,10.52599331,8.855172841,9.98059455,11.35647296,11.38284831,8.934713784,14.65588703,11.98446508,7.745458306,5.383968328,7.215272881,7.393359127,11.29033873,41.33550703,43.68341904,13.36727509,10.531894,14.26220459,17.98942624,17.19135325,13.18444879,10.89785906,8.913850804,25.20104979,21.9840213
AT1G26380,0.021133133,2.897970524,0.000281434,0,0.061664815,0,0.000275829,2.829925521,1.914289976,0.021850915,0.00035847,0.001045535,0.001960344,7.216842035,3.251927909,2.895463193,12.61539972,1.89819812,0.00027548,0.061793341,1.257196554,0.00125356,1.507997142,0.000180568,0.003057696,1.897647472,0.885857544,1.593500693,0.377443298,8.136780659,0.000403471,0.318943089,11.19334132,3.765948016,0.0587917,0
AT2G22330,13.557837,3.406151717,1.323885244,0,3.758028742,0.434168785,0.000275829,0.010862979,0.009091081,0.021850915,25.22670367,36.75624531,17.40094819,12.23225359,12.0058143,52.89785547,2.190845337,25.84626128,0.00027548,4.812110476,0.00016449,0.731130922,1.148601019,10.23791125,0.003057696,3.087821341,19.34306522,50.47366026,13.37531067,43.15849094,10.41801674,21.63413036,4.226586671,4.292725257,0.244343659,3.768798343
AT4G31970,0,0,0.000281434,0,0,0,0.000275829,0.010862979,0.009091081,2.976482647,0.00035847,0.001045535,0.001960344,0.001838323,0.001454287,0.000318224,2.13522299,0,0.00027548,0,0.00016449,0.00125356,0.003170517,0.000180568,0.003057696,0.003155023,0.002076151,0,0,6.840588942,0.000403471,0.004560102,0,0,0,0
AT4G39950,18.40463046,4.514028778,0.313201692,0.192031032,6.480494067,2.598446441,0.000275829,0.010862979,0.009091081,0.021850915,17.81518365,28.41850851,12.50708944,5.262345384,4.391909328,21.9977212,16.40025066,30.55772046,0.00027548,6.475535368,0.00016449,0.00125356,3.755767071,27.68264562,0.003057696,1.625136896,12.7137508,42.15155132,10.50451894,45.36520175,5.898546219,17.73273288,3.18218762,10.37084987,1.377352849,7.359316782
AT1G79870,14.9411001,7.424236799,8.056725992,6.979071193,7.01811246,10.68131954,24.36371688,7.109469538,6.246047394,8.670027484,8.206723343,9.191584618,16.083546,13.6517773,14.4775101,11.66012757,9.668928489,11.71894567,9.272806838,6.650174867,8.413163437,11.1028717,6.67294643,6.096531681,4.339579033,3.690771444,14.74731868,9.640677808,10.56116721,8.632860996,11.55074053,17.97989626,12.32751107,22.2338865,14.91205285,11.49854109
AT2G13360,5.484156561,51.37260331,9.966236379,9.407846358,15.7473766,49.40386793,18.12248919,34.31833826,29.57467943,5.670458539,104.3527796,142.948051,221.3290559,177.7590703,176.2390316,131.0384368,70.93344896,15.09365076,210.1957165,26.80541658,30.6756645,159.7066668,0.003170517,0.776039802,0.003057696,3.54109829,208.0425814,42.23089418,8.181941372,6.637397701,232.4684645,232.4684645,187.9402674,1.570471219,2.409562569,2.545674963
AT5G34850,43.74294248,38.47192919,43.48005518,32.60261204,17.62014826,23.01335274,8.702635995,5.006522705,4.742040034,28.99326366,24.32868423,25.37401651,21.32551733,19.07855322,19.2223505,22.63759019,33.41783006,22.2585604,24.762288,28.79065107,26.80541658,47.63786832,2.270731047,12.78947617,6.099686606,5.957840065,23.03067127,20.95551247,54.67630539,30.37276241,22.34059858,22.71477798,11.80300925,78.70387618,45.44487953,19.41097933
AT3G57050,13.1951147,4.815056291,3.764190284,3.74137077,11.35564957,11.19963974,13.25724503,13.05333218,12.26653671,4.090288489,23.52020008,18.93104093,24.78561341,13.9399714,18.51517636,25.03827797,8.146857074,18.29656733,7.652519393,8.840808214,19.97779137,13.70186715,13.76096378,21.98598944,12.793597,17.61171577,15.91283962,25.44377281,13.54335334,18.44572792,19.19364344,25.71110151,18.86727794,11.24933949,14.59499089,20.76268061
AT4G23600,0.001570111,45.60644249,2.212586236,0.158331857,10.15694133,0,4.401749363,0.010862979,1.73151633,0.021850915,1.090921507,0.959712124,61.01998084,65.69352762,42.43765369,2.342357283,45.95338001,0,0.00027548,30.55157836,1.079199815,6.827967974,0.003170517,0.000180568,0.003057696,0.003155023,21.08922689,0,0,0,13.18704244,17.59911383,10.87382795,0,0,0
AT4G26220,19.65083972,0,0.000281434,0.827540456,0.608866103,3.178340788,20.55816873,4.510121492,2.986955895,2.779301818,11.91542828,14.07824938,0.001960344,0.001838323,0.001454287,0.469089522,1.346982615,17.98942624,6.64053668,0.100335417,23.77120609,23.86824316,1.103353099,2.658976976,0.003057696,1.000273648,0.002076151,1.555628696,18.77098071,16.7368649,0.000403471,0.35057195,1.039922139,28.55157319,0.541482878,0.542755523
AT5G07990,8.790793538,5.466739114,1.61178909,5.444400031,13.92872882,43.22274849,28.17685508,5.055498894,5.022647884,2.695110373,0.806145395,0.557596499,0.001960344,1.074019834,0.877982258,1.22660986,13.42803238,0.820385807,11.19891719,5.660544311,2.506724893,3.802172503,1.741632205,0.000180568,0.003057696,0.003155023,2.140866094,0.293412966,5.517944344,5.298890797,1.2111329,1.359004724,0.0030514,10.7238971,15.92740862,2.199294443
AT4G02780,0,0,0.000281434,0,0,0,1.266201335,0.010862979,0.009091081,0.021850915,0.00035847,0.001045535,0.001960344,0.001838323,0.001454287,0.000318224,0.001632319,0,0.00027548,0,0.00016449,0.00125356,0.003170517,0.000180568,0.003057696,0.003155023,0.002076151,0,0,0,0.000403471,0.300934327,0.001611843,0,0,0.162035152
AT3G48990,59.67383174,42.80569015,39.95897797,29.29636946,6.457587731,5.68651455,10.06222154,164.3492032,176.2390316,11.29033873,9.582640009,11.45588788,31.54194229,39.56189851,42.80569015,29.18968863,65.06458564,62.04566844,11.90946104,26.55032532,34.4515939,61.01998084,15.02196743,19.14867957,12.99022594,12.27988252,57.38274641,63.67338569,102.3530199,48.17331629,64.0815076,49.32068674,45.4972647,105.539194,22.88946261,12.53247446
AT5G14780,5.570684629,75.86214538,88.33945604,33.10361939,6.034777857,6.330998752,30.63661413,64.82802071,61.39134698,5.707296605,43.07385794,40.40078971,91.89090558,27.35597509,36.71565733,48.00335611,132.4256522,13.20877744,8.667812469,47.38135089,24.54738928,53.78571772,2.10713279,12.5022389,4.234560479,18.97344778,27.41369556,19.21108373,6.7158486,4.540491504,45.27658199,73.42282232,32.3872783,7.236486763,0.820385807,0.067830869
AT5G17230,4.75133656,23.72047669,54.78848641,52.35017678,31.76483849,49.37235878,7.614772976,4.143395235,5.260548533,6.908652624,33.18780031,42.58295232,65.69352762,45.4972647,48.89370143,29.83435906,29.09253738,3.842933994,90.26142789,64.0815076,14.85114894,29.69845203,7.996304679,4.230561125,4.346843719,7.607566891,68.72663108,18.15502778,5.830535656,3.61055958,48.87008771,60.44797306,51.9189952,7.236486763,3.758993136,2.884082229
AT1G51680,59.4299911,14.77607993,14.77607993,12.70093943,8.199911225,12.78712997,16.15109451,7.111355076,5.738372891,0.021850915,172.844958,171.2905569,12.32474616,13.77323586,12.5306548,12.61423274,21.32898496,26.93558975,78.37038189,15.45967659,53.97319488,96.45308933,30.89386995,28.94199338,3.09056453,122.8590724,18.35913477,14.59267781,29.24537461,29.89488897,10.37994146,27.21842238,24.28813775,132.1340823,5.242512223,1.734109799
AT1G65060,10.54749122,0,2.365665203,0,7.700657457,13.38045302,6.922558328,0.010862979,0.009091081,0.021850915,0.00035847,0.001045535,0.727512022,1.861506379,0.894485684,0.000318224,3.642017769,0.611174684,4.922277121,4.527618193,0.00016449,0.816979851,0.003170517,0.000180568,0.003057696,0.003155023,3.744849759,0,4.79332697,3.545653944,3.967282129,2.930679244,2.107658271,8.388273004,9.99509274,1.238782626
AT3G21230,9.787126314,20.64076523,6.559092298,4.73759119,0.916083571,0.786849321,8.846922426,0.010862979,1.736956801,0.021850915,13.77605224,13.86429958,4.910010859,5.492757676,3.524064128,3.809789996,24.29354374,7.125569113,5.65320678,4.250627652,21.32551733,15.53389975,1.151063798,6.397102865,0.003057696,1.528537302,4.270407422,1.963617996,8.602745314,6.650949636,1.483784961,4.611336972,10.72310071,13.03460223,2.799213659,1.734109799
AT3G21240,23.22268099,2.710826277,1.95546669,2.079235885,1.25848207,2.697544432,11.7295274,0.010862979,0.009091081,0.021850915,15.75347592,16.22926315,3.505407974,1.923889728,2.8587065,5.744842564,3.638917213,16.12250797,4.920239479,2.813310511,22.70052733,20.81500016,4.290465157,13.38408474,1.883915907,34.48324788,2.61949477,8.526959024,18.88235672,15.37399391,2.123230932,4.218467501,2.5669292,45.69972468,8.407281793,3.490697209
AT3G55120,38.24420834,3.730312804,5.073032994,1.131829808,14.92884285,32.58808447,8.861283251,5.027353589,4.91203957,3.713901735,2.220555417,1.234180498,4.059403135,6.435963421,5.724018397,2.421188786,9.123952652,4.32325327,10.29895638,8.390649023,10.37323954,3.647109897,0.003170517,1.557155356,8.052348034,0.003155023,11.28358689,3.832263406,13.42803238,15.76898617,8.431090732,6.79160254,1.440823741,22.01606732,17.02428223,2.199294443
AT5G13930,427.2301148,1.953252513,8.801905317,7.652021663,62.55286308,186.2400437,62.24642341,0.010862979,2.918581435,3.268572935,2.053649923,0.001045535,2.621626856,4.757545849,2.229781656,4.580194914,72.58878811,18.15502778,28.37244535,34.97961576,2.728387008,4.847599179,0.003170517,1.574917774,0.003057696,0.003155023,30.86853419,3.101560423,55.25671394,45.4972647,15.63165707,9.661303046,5.151609237,192.6288085,168.6427845,8.032105654
AT5G66220,0,0.756561457,0.000281434,0,0,0,0.000275829,0.010862979,0.009091081,0.021850915,0.00035847,0.001045535,0.001960344,0.001838323,0.001454287,0.000318224,0.001632319,0,0.00027548,0,0.00016449,0.00125356,0.003170517,0.000180568,0.003057696,0.003155023,0.002076151,0,0,0,0.000403471,0,0,0,0,0
AT2G13810,1.860522941,6.456628896,0.000281434,0,0,0,0.000275829,0.010862979,0.009091081,0.021850915,0.00035847,0.001045535,0.001960344,1.142719866,0.610148084,0.000318224,18.20582048,1.768871317,0.00027548,0.31423949,2.48465912,4.009081837,0.003170517,0.000180568,0.003057696,0.003155023,0.002076151,0,5.740053088,2.421188786,0.000403471,0.009713986,0.623401079,4.554812808,0.0587917,0
AT5G52810,4.309651319,19.00169931,8.625816685,8.381347573,5.83022211,10.9014111,5.890873667,0.010862979,1.929004759,4.072126255,2.829067585,2.79345942,7.299561021,13.39522855,13.32101179,5.058133023,18.21783612,6.31152139,3.795082374,8.383725173,3.316724233,4.575264533,3.922150503,2.599928901,4.311077666,3.564770543,7.825384797,2.81297104,10.3695949,6.665827836,4.839139436,4.761575912,8.035376274,8.388273004,3.473608259,3.768798343
AT1G44350,3.763677923,27.85196359,18.14173907,19.63065531,14.76173632,7.0564696,7.824087864,9.769839281,8.733703664,0.021850915,8.340213328,10.72028151,3.823320328,13.66062601,9.643820268,15.47731886,13.91696763,0.744788744,2.992652106,20.80850148,24.88721337,17.40094819,3.112907361,10.59831178,1.263252003,0.003155023,4.396232523,3.240255312,1.704108149,1.96815836,4.139579691,3.394280626,63.2534022,4.292725257,4.291468239,1.734109799
AT3G48520,9.925491342,82.57110347,25.91005762,23.05587818,7.987318636,0,7.353712066,0.010862979,3.316281509,0.021850915,1.34299233,3.734612918,0.001960344,11.1269073,3.682301524,2.202855788,89.0481681,0.867472753,3.43332396,13.39440598,66.53061828,53.86140733,5.459429086,28.70873642,9.481837717,7.848814796,2.311166786,2.781059506,4.019384178,0.716311485,0.000403471,2.769614405,97.24208545,10.37084987,0.114678863,0
AT5G07010,5.160897042,10.36813257,14.4213587,30.92752334,0.138994065,0,27.29176046,29.07694625,17.65905163,0.021850915,0.510022521,0.728849506,0.001960344,18.57141699,39.75762457,9.60439743,16.87112187,5.949669557,0.772525982,29.25262537,4.920600562,4.833045233,0.003170517,30.18803312,3.121889621,1.539778485,0.002076151,2.894304985,0.720958784,5.036096178,13.86112534,0.17731359,1.233549057,4.292725257,6.314333011,6.892014255
AT5G63450,10.00617081,22.49828223,46.87939715,25.56597404,1.022263826,0,4.478875956,0.010862979,0.009091081,4.744029324,1.899125146,4.339246495,0.001960344,2.808244012,0.001454287,6.851755256,1.94202359,2.329834015,2.422077254,21.39637312,5.952311652,3.157290408,0.003170517,7.534140303,0.003057696,0.003155023,1.558581146,3.483226427,6.345293749,4.325894351,0.444458948,0.069967532,59.61489586,3.765948016,0.820385807,0.162035152
AT1G51760,15.15962145,84.06368047,36.82308658,41.59343409,41.34173186,15.80235497,13.65530083,10.27116466,13.60598364,5.015860021,23.1548411,30.70682938,13.50590179,33.64535044,20.38546848,49.40386793,80.3215328,14.21554695,7.492052072,81.54731777,45.12553047,44.27571621,21.07078047,35.2374609,17.80387814,28.29153559,8.939668113,12.27320428,17.06387909,12.793597,8.238232987,8.621718979,112.634275,26.49305892,11.49550666,8.432584314
AT1G12350,6.312617102,7.400294041,8.432846365,7.657236477,7.42279656,7.542655802,7.618357995,9.991290304,7.698421549,8.710101988,7.845137012,8.287595837,9.924099454,6.463382219,6.462349416,6.715479129,7.796671051,5.696526908,5.715455394,6.733579941,4.547668557,5.00103978,6.552328227,4.361321248,5.822416778,8.20988011,4.644536385,4.100790917,6.323477127,4.653257958,5.687727104,6.356840156,5.72919368,8.388273004,6.889845017,6.659833789
AT1G48605,2.716765215,0.337720383,0.000281434,0,0.727512022,0.500508972,2.143989285,2.232084413,0.009091081,2.916243427,2.410453383,1.66200882,1.399897816,2.935731945,3.415056566,2.110617972,0.001632319,2.914747401,0.00027548,0.316570409,0.00016449,1.007102463,4.571117507,3.56827661,3.233108222,2.412881425,0.002076151,0.758897753,2.84715508,2.469941604,0.775215384,1.907382024,1.57400254,2.850950429,6.114144503,6.892014255
AT2G18250,7.484425725,7.489944471,5.74033412,4.308361806,5.051331374,5.572729254,9.028551358,24.2095341,17.438628,0.021850915,9.106195895,8.427214006,11.79277123,8.836514212,10.14963609,8.600970543,7.837214045,8.7053838,5.83022211,4.736263121,7.066088921,6.198250744,7.811133338,5.708519682,7.280454041,8.719417563,9.234467153,6.38941418,9.643820268,7.408132479,8.347031211,7.987318636,6.927735413,10.19456098,9.313903023,9.939917499
AT2G27490,5.227435787,9.805854746,9.323429156,8.715305752,4.495590298,4.496863042,6.048167681,15.06187033,16.22304652,11.24551144,5.424114463,5.488143609,7.083970341,6.255553333,5.457428545,5.082528701,12.54034993,6.89422936,6.474961835,5.4255187,8.709716335,7.618789088,8.62333859,6.482666858,9.446186888,6.480031868,6.641008701,6.261494391,7.436501866,6.671100839,6.684275604,4.545226281,8.716959264,6.474961835,6.684275604,7.596956754
AT3G18030,4.325894351,1.924991681,2.037918444,1.031160324,5.955336444,5.029405387,16.69455872,13.32038844,11.45659703,0.021850915,4.327450542,4.083711452,3.728890733,4.333323587,3.729858946,3.413901239,2.624053252,5.515831995,2.019574053,4.697936918,2.459824288,2.603431943,7.601803367,4.910010859,8.348663042,6.229910593,3.274671324,4.925161788,3.438361925,4.322857233,4.280140822,3.812803325,2.989990986,3.765948016,7.475692178,13.34903029
AT4G28680,0.00492504,0,0.000281434,2.982651831,6.498857824,6.554217007,0.000275829,0.010862979,0.009091081,12.22735387,0.00035847,0.001045535,0.001960344,0.001838323,0.001454287,0.000318224,0.001632319,0,3.457043973,7.995608042,0.00016449,0.00125356,0.003170517,0.000180568,0.003057696,0.003155023,0.002076151,0,0,0,0.757993257,0,1.600348268,0,0,0
AT5G05260,0.009677649,0,0.000281434,0,0,0,1.561520452,0.010862979,0.009091081,0.021850915,0.00035847,0.001045535,0.001960344,0.001838323,0.001454287,0.000318224,0.001632319,0,0.00027548,0,0.00016449,0.00125356,0.003170517,0.000180568,0.003057696,0.003155023,0.002076151,0,0,0,0.000403471,0,0,0.01005785,0.114678863,0
AT3G51820,4.608340143,6.471392528,4.996573408,8.01954602,10.19633231,18.73565935,8.721006288,2.996477594,1.985103384,13.99690181,11.31943988,12.96579881,21.40727101,23.61355073,22.88285032,16.39018413,7.11672155,3.198937488,15.20230222,10.95596792,5.150763697,10.72986769,0.003170517,1.630629704,3.440375048,4.029210527,31.182003,12.52600744,3.045818958,3.394844243,33.14895915,36.84992105,36.60507554,4.554812808,2.799213659,2.545674963
AT2G34630,17.82256263,13.86886687,10.29052732,8.187975631,10.10448987,7.826209288,10.38147952,20.92607373,20.57245629,7.61090787,6.54696764,6.668892683,8.21711128,8.097638468,8.400073931,7.287046176,12.16329227,11.90595595,8.385903609,10.19790691,7.999453646,10.77909037,12.01205274,9.682210657,22.22707656,10.77521024,8.054710291,8.213373831,12.49788513,14.39365263,8.7053838,9.963220261,9.645106812,14.26331248,15.21064354,17.9992795
AT5G04330,2.940683122,0,0.000281434,0.195771175,0,0,0.000275829,3.458965713,2.779776768,2.999200767,2.367933901,2.72311824,0.986418075,0.898724821,0.863417534,1.933321346,0.001632319,0.830179678,2.044767954,0,0.47717523,0.00125356,1.201315701,0.716847023,0.003057696,0.003155023,0.002076151,3.553053994,3.195537584,0.599237607,0.000403471,1.845443226,2.422077254,5.89499759,5.009944989,1.238782626
AT4G15093,14.7454084,5.070397293,5.250197318,11.99375462,1.88698806,2.064916022,2.801580375,8.593825403,7.222575963,28.40569054,17.73094416,17.45083979,4.092409665,3.145651007,2.824447049,5.928100274,6.929325887,18.20582048,9.964027128,4.535930108,6.912880542,4.604886023,5.226861149,6.143895519,0.003057696,3.165646266,1.399415014,5.882041976,24.54738928,14.8703958,1.851619282,3.426087498,1.036373187,31.22243066,9.99509274,2.545674963
AT5G54060,0.178470863,0,0.000281434,2.634954782,6.499918021,6.055174026,0.000275829,0.010862979,0.009091081,0.021850915,0.00035847,0.001045535,0.001960344,0.001838323,0.001454287,0.000318224,29.97611928,0.114786436,2.028514605,5.248213398,0.395670948,0.529036125,0.003170517,0.000180568,0.003057696,0.003155023,0.002076151,0,0,0,0.000403471,0.050636848,0,0,0,0
AT1G03940,0.039310476,0.680172382,0.987452872,2.806304692,9.780121779,6.09582537,0.931891762,0.010862979,2.339260829,0.021850915,0.00035847,0.001045535,0.001960344,0.001838323,0.001454287,0.471059525,24.02806573,0.133758871,2.61813563,3.995517105,0.364087623,0.00125356,0.003170517,0.000180568,0.003057696,0.003155023,0.002076151,0,0,0,0.000403471,0.010248763,0.316929933,0.437070928,1.377352849,3.194052443
AT1G03495,0.050201738,0.21276606,0.000281434,0,3.687277019,1.923889728,0.000275829,0.010862979,0.009091081,0.021850915,0.00035847,0.001045535,0.001960344,0.001838323,0.001454287,0.810341643,9.795495233,0.110848744,0.400490099,1.235473909,0.00016449,0.00125356,0.003170517,0.000180568,0.003057696,0.003155023,0.002076151,0,0,0,0.000403471,0.010808253,0.019852486,0.952874437,0.244343659,2.199294443
AT2G29090,0.001481787,0.295392784,0.000281434,0.987452872,0.446243965,0.941839646,0.000275829,10.09767157,21.13737285,0.021850915,0.00035847,0.001045535,2.658287994,0.001838323,0.001454287,0.000318224,3.314805282,0,6.326821168,0.523056465,2.099776217,0.00125356,0.003170517,0.000180568,0.003057696,0.003155023,2.611126426,0,0,0,3.460671946,2.446246921,0.91562513,0,0.176398388,0
AT3G19270,0,11.235534,3.475918545,1.960140646,0.052953896,0,0.000275829,0.010862979,0.009091081,0.021850915,1.924991681,0.709887957,0.001960344,1.375650759,0.759896419,0.000318224,17.33257287,0,1.335690048,1.9591758,2.555556204,6.85830863,0.003170517,0.271164014,0.003057696,0.003155023,0.002076151,0,0,0,0.610690938,2.82116504,5.250485122,0,0.0587917,0.067830869
AT4G19230,15.02959135,6.198250744,7.299931164,12.50811103,9.457077861,3.717685561,6.319199765,3.423819417,2.546049337,0.021850915,5.016326736,4.536217371,2.144879066,3.44929825,1.773031697,2.458837544,3.124881264,2.20940315,3.854525751,6.876449805,6.240816068,2.517642384,6.330252307,10.53865615,0.003057696,0.003155023,2.519263337,1.737413393,6.326306244,3.462166504,1.277481873,8.394086045,5.291305681,24.75691444,8.214802745,3.194052443
AT5G45340,12.17291996,12.50629015,31.61740438,12.62105398,12.44611492,2.419478354,13.71241082,2.983665675,4.613176934,0.021850915,0.665744184,0.520965875,0.785213078,12.17177818,7.861990419,19.19008345,2.250438536,3.140375206,5.081931653,3.246367202,13.71192621,3.192946378,7.419197099,18.35532723,9.147229297,62.55286308,25.56597404,14.08683692,4.466058778,2.926171647,11.96040062,7.609755684,9.446186888,2.850950429,1.377352849,1.734109799
AT1G68000,13.69160657,11.30477033,11.73437859,12.40559077,11.90595595,12.17823786,15.27770104,10.78653861,8.055278708,17.07453675,13.64200559,12.68523431,17.18907148,13.15356406,11.79175539,10.5365757,12.2710224,12.13128557,6.358237776,12.31264647,6.543401825,7.301665721,7.992148434,5.424114463,5.443199952,5.904279111,5.291305681,6.477947959,11.57227667,10.05232485,7.394526495,7.998701222,6.26429853,18.85163358,28.85909788,21.56289987
AT2G29980,33.11726536,5.254159241,10.01308882,13.94942135,19.46268583,29.61499854,106.608882,2.528071815,3.440804146,15.82405265,12.16012551,9.925491342,9.507681284,36.42580365,44.56836515,57.62748623,4.846989783,26.03555558,45.41162563,16.52510979,4.315769659,5.998234025,7.103819697,48.66735609,13.14939496,11.65114276,13.64587927,24.12251375,14.30086804,26.62699768,26.92932502,26.55801265,19.57102767,12.67283603,66.88610895,74.42129928
AT3G12120,70.65699843,37.50826369,96.65511291,77.35660317,103.242609,56.30795294,266.6177386,8.484817013,8.532775376,75.03552322,290.7232669,272.7606408,69.04874694,67.87786871,91.89090558,154.6881933,16.1937598,98.81968439,93.17594721,107.8370731,133.2388521,113.4673505,74.74020121,444.7159719,38.5052802,51.37260331,42.80569015,203.7594708,46.81811626,88.02885173,67.34397609,109.6251843,55.09661907,45.69972468,180.8505791,124.7844159
AT4G27030,4.243333461,8.917549383,7.732298634,4.332157652,1.217462757,4.017661771,6.437328993,3.844985098,7.283988791,0.021850915,3.49138629,5.004585129,6.467279682,6.255966092,3.835945835,3.460671946,3.748533554,0.389954361,11.4887927,1.948138353,5.053735162,9.973808075,0.003170517,0.000180568,0.003057696,0.003155023,21.32898496,4.992743355,5.822416778,1.928003744,10.69668314,29.30015417,23.27843515,5.682433448,2.799213659,2.199294443
AT1G13560,15.31710317,11.79405368,9.473151566,8.231915901,19.20507784,13.32401621,15.26118378,14.07252371,14.0701942,9.233583743,13.76096378,14.40759616,14.92884285,13.952899,11.56313774,11.90306372,15.30942545,12.70826945,10.32962325,12.3216297,13.38604388,16.10848453,15.03719924,11.235534,22.24190044,15.47495074,10.60834204,11.66012757,9.147229297,13.39522855,12.66668018,14.08683692,10.94068344,9.103659799,20.40302768,32.42105804
AT3G25585,21.4217194,15.62975957,16.31167155,20.26323828,10.34849461,9.739275671,6.915581495,5.290492592,5.148002687,23.12796369,11.53781969,11.13796112,13.55010979,8.443149558,7.947975216,9.962406926,16.28830526,16.83562912,5.951029999,13.15144145,13.52847223,14.34892031,14.64568716,10.96335756,10.51356422,11.54854426,8.240577666,10.68340188,17.9051265,16.47576811,7.11526906,31.5790795,19.79887007,20.25909723,26.66814329,24.10674907
AT1G63970,6.560085008,15.41563901,8.420705283,7.225871741,8.845515918,14.76756052,12.54539295,13.25027986,11.90463778,5.571209531,12.00730733,14.51457064,36.00846001,31.31627829,30.13346372,19.74023686,15.47495074,6.27887147,16.44555157,9.865184077,14.07824938,28.80725965,7.597205245,6.084011659,16.10306061,14.5460367,34.60328584,14.28654667,6.141314774,6.400825614,25.15572465,20.24468246,17.69733839,5.89499759,6.684275604,7.596956754
AT2G02500,3.447412121,1.357951305,1.443014308,1.931343426,5.687727104,9.050896533,6.661681174,4.007244896,3.534219442,2.788060759,3.113121374,3.439508708,4.108018238,7.751469073,6.469125951,4.292924987,1.917528483,2.258988378,5.279324631,5.059608589,0.84376829,2.849203142,3.712238967,0.861960267,13.51168043,6.920281989,8.284223499,3.470278355,2.044143823,2.467961462,7.653332793,4.465220381,6.653954754,2.063431517,5.009944989,8.432584314
AT4G15560,10.2976228,6.978393908,9.995777717,8.721889536,19.38391292,29.24537461,14.46799583,0.010862979,0.009091081,2.812004404,32.71612185,34.09981921,30.36175135,34.10529263,31.34684042,29.97611928,6.440580861,9.124667626,34.03451728,21.12942965,19.082253,28.12631099,3.969503893,4.23758471,1.978989831,2.713828902,65.80648509,18.13429256,10.28447353,9.79197076,59.48417136,53.53783272,44.56836515,9.797764238,11.88089967,9.492176958
AT4G34350,15.31412319,81.96859641,35.30487923,30.08821545,18.65954344,24.55681918,16.81905856,16.18339973,14.28360644,11.54508115,39.3719798,43.37248248,74.08948466,54.11724931,46.74285948,44.10036284,130.0557437,19.30270083,41.19579583,36.57632588,35.69889062,76.00101393,36.42580365,30.09268378,16.07876277,23.55344423,83.52605308,39.04779153,20.06569637,16.98841825,78.00699911,149.6340969,112.375683,16.44627766,10.86812728,10.71841131
AT5G60600,8.043330651,36.87050408,17.27513882,15.75347592,13.06030005,16.7665904,14.85303297,11.73688301,9.594437622,2.847651068,18.50574641,23.99468063,77.01645284,49.01806876,49.94577936,27.41369556,46.69974539,6.353444462,25.66409377,21.13737285,22.80334054,66.68729402,7.544155137,8.400746945,10.0035266,8.629185726,71.88055244,14.10580461,7.477493893,6.837215271,53.64981579,58.57054049,57.43831135,7.236486763,6.684275604,5.478337223
AT5G62790,8.029154234,13.86987763,9.725887131,7.91084634,16.22926315,28.42590257,19.57505161,12.28160887,8.742273918,0.021850915,12.48517809,13.16430225,34.94073802,23.1548411,22.22707656,16.18339973,12.52600744,9.677040421,24.39612944,15.96551252,12.85987752,22.6939673,6.332280335,7.313667915,6.435556555,8.667258062,31.65559868,15.01849663,8.228672332,8.188818806,24.78561341,23.76180518,27.59516574,9.285103885,8.597026821,9.101898221
AT1G67990,0.009864931,0,0.000281434,0,0,0,0.000275829,0.010862979,0.009091081,0.021850915,0.00035847,0.001045535,0.001960344,0.001838323,0.001454287,0.000318224,0.001632319,0,0.00027548,0,0.00016449,0.00125356,0.003170517,0.000180568,0.003057696,1.354265197,0.002076151,0,0,0,0.000403471,0,0.015278991,0,0,0
AT4G34050,444.7159719,74.85340048,35.53419225,33.40934376,47.71494973,68.25097963,106.3965615,2.494009725,3.112907361,6.124763159,541.4619802,477.0548459,106.3965615,62.24642341,65.69352762,61.63748241,66.41002448,347.5379409,416.8269288,50.47366026,270.0698689,430.0693492,448.2567783,347.5379409,9.102685096,402.3599013,54.36198401,81.8829004,563.834838,312.1839626,52.47479028,39.18448541,25.57444963,573.5481382,69.04874694,11.95903184
AT5G54160,112.634275,12.98842572,17.25144951,14.7264683,17.42634276,11.54508115,61.68976429,0.010862979,2.120281326,6.276241416,298.0955459,285.6981519,15.46814674,38.91402612,29.50913318,30.43132518,30.69209903,60.67533856,94.55892338,29.06987193,144.2252945,347.5379409,45.57266181,74.61668182,5.509515822,126.94674,59.22584061,27.53473119,147.6461053,66.68729402,37.45299836,18.56291609,15.02455778,215.1934263,18.93104093,5.708952612
AT2G43820,20.72455552,12.78947617,5.015860021,3.802172503,0,0,25.50442534,52.47479028,64.78994231,2.860190942,0.00035847,0.001045535,11.35880386,7.080116931,3.216850043,1.028839636,155.6603425,8.85217541,0.448001786,5.660993864,16.95134705,33.35156091,0.003170517,1.87234961,0.003057696,1.407608766,23.59422236,0.443260963,32.34732199,12.79797432,14.29655271,4.697033149,18.19837307,36.23003236,17.97785875,2.884082229
AT2G43840,2.204001,0,0.000281434,0,0.064378956,0.71439856,2.76778442,0.010862979,2.251297976,0.021850915,0.00035847,0.001045535,0.001960344,0.001838323,0.001454287,0.000318224,0.001632319,2.064479667,0.00027548,0,0.00016449,0.00125356,4.682587785,1.140548469,0.003057696,0.003155023,1.511417887,0.210774312,4.751661431,1.345927051,1.270412358,0.31007856,0.049275668,3.179453056,0.820385807,0.411512861
AT1G78500,0,0,0.000281434,0,0,0,29.25863243,2.601787631,2.12973277,0.021850915,0.00035847,0.001045535,0.001960344,0.001838323,0.001454287,0.000318224,0.001632319,0,0.00027548,0,0.264042034,0.00125356,0.003170517,0.000180568,0.003057696,0.003155023,0.002076151,0,0,0,0.000403471,0,0.002995226,0,0,0
AT1G78950,2.133042261,0,4.101945825,7.730974111,5.287288843,23.53907629,0.000275829,0.010862979,0.009091081,3.77654484,0.00035847,0.001045535,0.001960344,0.001838323,0.001454287,0.000318224,0.001632319,2.416930227,59.48417136,7.081390383,0.00016449,0.00125356,0.003170517,0.000180568,1.943126935,0.003155023,0.002076151,0.53450622,0.705953148,4.550572261,0.000403471,0.063679809,0.086096076,0.205925868,0.820385807,2.199294443
AT1G78955,0.192775993,0.292605371,0.625925988,3.226110004,0.455852646,0.094587711,0.000275829,0.010862979,0.009091081,10.36612015,0.00035847,0.001045535,0.001960344,0.001838323,0.001454287,0.000318224,0.001632319,0.165179909,0.00027548,0.158081507,0.00016449,0.00125356,1.261545965,1.167452003,0.003057696,0.003155023,0.002076151,0,0.389580381,0.481494092,0.000403471,0.130019555,0.138635271,0.437070928,1.377352849,2.884082229
AT1G78960,1.228270644,11.53538487,32.70498854,14.61003221,8.293090544,1.853905786,0.000275829,5.783737932,4.742352701,9.135555161,3.719534996,3.408342284,4.356747569,2.082406526,2.864426697,3.320489074,3.497991776,3.214377277,4.817930602,20.26673192,3.549001103,3.800198665,2.810171969,19.46268583,3.691776936,4.481585733,2.14677527,4.931970421,2.704089843,2.916243427,2.337484146,2.941486071,2.310163227,2.063431517,1.927265861,2.884082229
AT1G78970,1.588908904,9.112765076,17.3337455,15.90972229,6.669812496,24.59860197,0.828476323,0.010862979,0.009091081,0.021850915,22.45998466,31.70155754,3.395640281,2.983665675,8.186886113,31.12751899,0.001632319,0.390910581,124.1616494,12.60942541,12.68162021,18.94123816,0.003170517,0.000180568,0.003057696,0.003155023,1.218325278,41.07945029,0.538676021,0.158763868,6.651288745,5.712166135,0.132424909,0.437070928,0.820385807,0.067830869
AT2G23000,4.935355752,2.339454507,3.997696932,3.6927255,10.34939377,12.15919641,0.000275829,0.010862979,0.009091081,3.126277256,2.895463193,2.338360471,1.808684494,3.77654484,1.735200658,4.338268548,11.47565401,0.175449868,10.50088247,7.596708263,0.00016449,4.043054137,0.003170517,0.000180568,0.003057696,0.003155023,5.237385943,2.878456741,1.703407586,0.529036125,2.227605663,9.053467713,6.485670654,3.179453056,4.035496433,0.542755523
AT5G17050,14.84754664,7.091432223,5.907652356,5.022167652,5.881717622,4.809070875,10.15912056,15.20747373,20.49362661,0.021850915,5.937057764,6.337273821,4.8497018,4.539225808,4.047439634,5.198223176,20.4177292,4.508292747,9.917898594,5.697587564,5.302621072,7.303558876,3.113335387,2.662571723,5.255811329,4.755677734,10.01697195,6.633439549,8.402956023,7.397747661,7.980951262,39.93599382,34.57616837,19.75543926,16.68803341,4.771565965
AT3G29590,0.142923807,0,0.000281434,0.333054169,4.817930602,4.549566422,0.000275829,0.010862979,0.009091081,0.021850915,0.00035847,0.001045535,0.001960344,0.001838323,0.001454287,0.000318224,18.41223264,0,0.907313805,2.61488768,0.00016449,0.00125356,0.003170517,0.000180568,0.003057696,0.003155023,0.002076151,0,0,0,0.000403471,0,0,0.01005785,0,0
AT4G14090,0.508667771,0.250372427,0.000281434,1.328876561,6.09913065,7.242370292,0.000275829,3.047255679,3.438361925,0.021850915,1.494318306,0.001045535,1.89250321,0.001838323,0.001454287,0.991816022,43.23349,1.409410686,2.363209706,3.458650321,0.302776984,1.078521375,0.003170517,0.000180568,0.003057696,0.003155023,1.377920079,1.039922139,0,0,0.816979851,1.700620516,0.806894108,0.01005785,0.0587917,0.411512861
AT4G27830,5.066450512,60.19359686,26.49713183,17.73736981,6.233410955,5.950045872,10.71488768,7.430826425,6.69653766,6.794226666,13.6517773,13.28641828,14.22778455,7.84576869,8.441290751,10.42319914,49.16853368,7.086485227,9.650213415,21.25188976,10.96391196,21.9977212,6.477529988,5.208030685,3.726022346,9.033398456,6.163782848,7.618789088,6.64053668,6.543401825,5.501460131,6.97363945,2.910548613,7.421723771,2.799213659,2.199294443
AT3G25810,0,7.104981865,2.019005507,4.299350945,0,0,0.000275829,0.010862979,0.009091081,5.507019612,0.00035847,0.001045535,0.001960344,0.001838323,0.001454287,0.000318224,0.001632319,0,0.00027548,13.24271496,0.00016449,0.00125356,0.003170517,0.000180568,0.003057696,0.003155023,0.002076151,0,0,0,0.000403471,0,0,0.032458052,0,0
AT3G63410,14.75776132,9.471614502,8.898573975,7.353430789,32.1866354,48.87008771,74.85340048,5.697953737,5.655376035,3.094312503,23.98902984,30.66790504,43.48005518,68.34099179,68.54401761,49.94577936,11.78720938,12.40404793,59.55020916,19.29936061,16.94660742,26.68378869,7.597577111,8.710101988,9.051283739,7.648488601,120.1602374,45.4972647,7.401008498,10.71002073,80.3215328,93.54408303,75.86214538,6.88067585,13.80569987,18.80716919
AT4G32770,2.971491204,7.852572025,4.507760653,6.125566703,3.35509604,3.763677923,22.34059858,27.90464373,21.2487721,7.412010519,3.408342284,4.073245933,5.204774425,4.339960845,3.440804146,2.812004404,6.593559969,0.83612898,6.55105828,5.670133345,5.91207995,14.21840985,0.003170517,0.000180568,3.854044776,2.658631025,12.0058143,2.695110373,1.332241653,0.514406093,5.897225934,12.1517537,14.58820285,3.765948016,2.409562569,3.490697209
AT1G64970,4.495187004,12.26814274,7.944840721,7.865844573,5.697953737,5.28586097,0.595135617,2.527646791,1.948610406,0.021850915,8.579315742,8.194191388,14.60230874,7.279598355,5.190369098,7.392623176,14.38695579,0.192227267,10.56450717,9.922857762,14.06547606,35.93280944,0.003170517,2.783118011,0.003057696,4.067276943,7.2216556,3.736922116,0,0.737598411,2.868318687,23.5952025,16.31293441,0.257041735,3.156234014,8.432584314
AT3G13610,25.8110548,3.920892305,2.420716006,0.880286783,0,0,0.000275829,0.010862979,0.009091081,0.021850915,0.00035847,0.001045535,0.001960344,0.001838323,0.001454287,0.000318224,3.837123209,43.46543824,0.00027548,0.404590154,0.00016449,0.00125356,1.903071834,2.216755941,0.003057696,0.003155023,0.002076151,0,53.86140733,48.39475424,0.000403471,0.01487796,0.071136529,41.07945029,2.409562569,0.8990072
AT1G17420,2.839028177,244.9224792,63.2534022,43.46543824,44.36284633,2.700665902,13.39440598,0.010862979,1.927503523,0.021850915,1.940398599,3.445692322,2.633339114,33.78326056,10.01267837,23.97951404,37.74052592,0,3.436708347,43.22274849,132.4256522,74.38566268,2.046821054,19.4008121,2.236356216,4.017661771,14.09793733,2.097914226,0,0,3.226110004,4.257833778,416.8269288,0.01005785,0,0
AT1G20510,17.69733839,47.53176483,37.15977973,30.77453101,57.01740277,7.993675004,15.22566553,0.010862979,2.018646641,0.021850915,13.99408239,13.91696763,16.90867536,41.34999479,26.69679998,48.05127209,19.4008121,8.042204479,9.153930688,13.70756648,65.96388265,42.01074229,4.221364758,70.65699843,6.729021327,8.730490617,31.12751899,13.05199685,6.232859123,5.881717622,8.907645045,8.065387064,51.67292916,5.471269125,7.090430587,5.929306091
AT1G67560,5.88390871,14.64568716,23.36205229,15.96408837,8.025383584,9.409506852,4.799157799,4.920600562,6.533665514,0.021850915,12.60707231,12.31400601,6.600107412,5.483298298,6.709501684,11.48776125,5.445915573,6.430277854,9.918429131,13.76096378,13.163142,5.463307733,7.875407333,18.81396468,2.495921971,4.151074724,6.720706428,8.604917591,7.48281911,6.539325556,6.436783811,7.282680237,1.41167837,7.236486763,5.009944989,2.884082229
AT1G72520,5.526939363,117.5880854,40.86394373,33.89273398,26.55801265,2.270173233,6.360777245,0.010862979,3.086222447,0.021850915,2.476285671,2.776839449,1.726556,24.48430461,5.571982788,25.92433694,16.08467326,0.231678734,2.532983199,9.606578919,155.6603425,46.81811626,2.930222933,10.71230312,1.339993842,3.767332954,18.21935501,2.86721553,0,0,1.757125257,6.255966092,200.8173478,1.570471219,1.377352849,0.067830869
AT2G06050,15.10999357,134.4629963,81.8829004,55.599901,73.72044746,12.87154963,21.33479073,5.439620974,5.037889906,0.021850915,24.53176652,29.61499854,19.63065531,132.4256522,47.92738592,113.4673505,39.75762457,8.243836751,8.384984312,48.29581329,114.9968459,47.41495973,7.548772531,100.839718,4.511836689,7.087290192,23.54924645,15.10376363,6.101168765,8.100819971,8.18596279,8.33432074,143.3934826,10.19456098,12.84939583,11.49854109
AT2G33150,41.00731041,235.7730551,111.7798728,53.97319488,27.35597509,28.40569054,43.60441946,148.2964163,126.5744781,10.09340726,39.79397449,40.86394373,78.00699911,33.81892828,41.80791304,34.89124276,251.2913365,42.63500858,23.38699543,107.0609633,187.9402674,266.6177386,55.37819733,51.81801178,43.46543824,116.2607745,29.66099143,36.00846001,44.44541778,40.10001988,30.42114294,26.82383611,24.69360216,43.47274671,38.71207269,29.97293186
AT2G35690,4.245493388,6.08764531,6.641008701,6.238435566,1.637601661,3.123397715,5.712166135,7.395153819,5.890526729,10.68630216,3.841401393,3.785841177,5.248779979,5.307774371,5.528186629,4.485211109,6.493349646,3.205351202,4.312107045,3.965282832,4.834985205,6.341540681,4.016031446,3.231460578,9.735733191,10.2882655,5.115929386,3.758449563,4.432636188,2.883792459,5.509984485,5.482426292,6.561205239,4.292725257,4.291468239,2.884082229
AT3G25770,2.064916022,14.11537276,16.46290716,18.34705949,3.97555466,0,3.224628881,0.010862979,2.483248993,0.021850915,8.929074577,11.6533579,36.94079969,170.2261058,137.0771098,72.26386492,97.60646501,0.576143549,0.00027548,15.73820626,3.698899358,0.00125356,2.104048471,2.197975496,0.003057696,0.003155023,56.2766722,8.198782663,1.581967887,0.973777644,28.75831686,6.895739857,402.3599013,3.765948016,0.820385807,0.411512861
AT3G45140,0.030651451,85.81310918,50.40970012,91.26615083,93.82082366,72.01946396,0.000275829,0.010862979,3.185301397,3.973628052,11.05666344,10.46944926,144.2252945,159.7066668,149.1889309,95.64350674,124.1616494,0,4.396947273,256.0274809,63.28045387,333.1154729,0.003170517,0.000180568,0.003057696,0.003155023,53.53783272,0,0,0,22.40229819,60.81367216,65.6174456,0,0,0
AT4G16760,22.06097554,78.37038189,30.98592639,27.28669891,20.90771306,16.15109451,8.592508858,64.20106915,45.69972468,24.98014929,15.97297538,15.60863935,17.60253391,28.50312353,22.63759019,21.59873373,105.3900358,18.81396468,10.36899519,40.76316587,44.36284633,61.77547974,15.63901442,22.38302654,18.40282812,16.64182399,12.17041423,15.89325308,21.47181131,18.33253516,18.57823755,18.93309881,91.43035146,47.41495973,24.38679893,17.43747604
AT4G29010,19.46591085,31.31627829,30.09268378,32.55898064,13.70915193,15.05106865,11.78833205,52.7616214,39.60899379,8.214537469,20.49362661,20.25293361,28.79065107,17.23190977,21.32898496,20.63463245,40.94183453,16.95134705,13.65295483,35.42935789,29.57467943,28.04961009,14.60388663,15.61559019,11.91624673,16.79815733,16.27603214,14.38840068,19.79887007,17.26348585,16.70167575,19.20507784,13.42955253,15.32294031,16.49734344,11.95903184
AT5G42650,19.23129132,70.65699843,35.2374609,30.35082901,18.40463046,5.899369849,20.90771306,5.281672054,7.167641623,0.021850915,12.69319038,11.28479087,13.51808431,99.7430054,65.06458564,79.58520521,59.91186792,6.230820245,8.205351473,13.77419917,79.79324971,11.66991341,2.999523231,36.10531944,1.792670628,1.751231562,85.92128567,19.08414334,4.909560522,4.477326012,28.55934329,28.34887206,383.8004653,9.797764238,8.026220746,4.531038486
AT1G12780,4.306927061,26.46190226,43.70396714,37.72150528,6.726050714,13.75020835,19.6845529,14.29386561,13.33740505,18.79127793,75.03552322,71.2333218,28.27153211,12.68661128,13.33904798,21.55086373,19.07716188,12.52890413,70.93344896,28.36989604,34.48324788,49.01806876,10.17646465,15.61789417,6.473056397,84.06368047,20.11141222,15.65402017,11.25232884,7.537167817,21.94571658,8.029706656,6.558723898,6.278369671,4.035496433,4.277215559
AT1G63180,2.023213388,9.122164095,33.65340396,15.73820626,1.490658589,2.419895986,2.436958039,71.11446672,60.00018461,14.09216385,4.398280597,3.745644304,3.16000581,3.681134818,3.453415915,5.638461751,7.538960823,2.610045633,0.735570027,10.37462374,0.00016449,1.799842074,11.56858968,4.732092416,21.98598944,80.43638611,3.555141697,4.524737814,3.725720219,2.895463193,5.223871552,3.096927873,1.383435219,10.54928345,1.377352849,0.411512861
AT1G64440,13.95012612,6.338753072,9.785686235,8.480931497,9.67359251,8.341943621,4.312536076,6.899047568,5.321574551,10.45888923,6.164425506,6.467517352,6.312617102,5.821091707,7.612186899,7.343025243,7.824469915,9.011810217,10.54115314,8.331898529,7.429493142,6.703117171,5.013670184,8.727561102,10.70548504,10.69955995,6.693713506,7.112845869,14.75422567,11.55222724,6.135790251,8.89614571,6.232859123,14.41135836,27.69534846,7.121063702
AT4G10960,0,25.31106569,23.38170094,15.48592819,0.619815691,0,0.000275829,34.78182912,29.82198116,10.89785906,0.585378987,0.633049585,7.071397788,7.848814796,6.250221075,1.423286027,19.74468871,5.252980176,1.002004477,17.28516583,15.88930956,27.28669891,0.003170517,3.131169778,0.003057696,1.9113455,0.754585683,1.540203573,6.978393908,4.696877984,0.000403471,4.599556278,4.742886085,17.26829514,6.314333011,0.685308387
AT4G23920,2.23072332,6.313837111,6.399111766,4.846989783,2.696190355,2.042570569,1.921346237,6.10230295,7.807712256,4.848485716,2.266224433,2.10860386,4.330437428,2.890227747,2.660991778,2.608668693,7.608237854,3.813674101,2.202432715,3.545653944,5.051876526,4.920600562,3.119853304,2.356110987,4.0019189,3.60734881,4.141930239,1.632854006,2.23778469,2.658287994,3.810742128,3.175213244,10.15843684,2.063431517,3.156234014,4.026724626
AT2G01350,15.37207986,29.25262537,25.65769445,16.62001857,17.23386127,16.47205539,10.55850186,13.52529258,12.32751107,4.736263121,19.22531405,18.33040886,29.89488897,18.15695317,23.65756312,23.50645864,35.04664684,25.6971441,18.99252666,19.57922957,24.10957187,26.35455472,21.02786569,29.30015417,15.34072277,21.92457643,25.7571937,23.09114614,24.97630138,27.20599427,22.37858104,15.97955791,10.85938812,15.92208943,11.31997105,12.17291996
AT1G01480,2.630871933,20.86778582,15.10773418,10.50525358,1.771212684,0.14114043,3.159468101,17.99665543,10.8810085,0.021850915,0.00035847,0.001045535,0.001960344,0.837233085,0.001454287,0.000318224,13.64685445,0.138994065,0.00027548,7.293197801,9.608329939,0.525131883,7.489033818,0.474903068,0.003057696,0.003155023,0.002076151,0,3.243644753,0.454014067,0.000403471,0.070530497,11.18736448,13.3709276,0.820385807,0.411512861
AT2G22810,0,0,0.000281434,0,0,0,0.000275829,0.010862979,0.009091081,0.021850915,0.00035847,0.001045535,1.55770233,2.727862241,4.008729246,0.408734605,0.001632319,0,0.00027548,0,0.00016449,0.00125356,0.003170517,0.000180568,0.003057696,0.003155023,2.017873648,0,0,0,3.52591178,0.019936654,0.021285958,0,0,0
AT3G49700,0.009168177,0,0.000281434,0,0,0,0.000275829,0.010862979,0.009091081,0.021850915,0.00035847,0.001045535,0.001960344,0.001838323,0.001454287,0.000318224,0.001632319,0,0.00027548,0,0.00016449,0.00125356,0.003170517,0.497471069,0.003057696,0.003155023,0.002076151,0,0,0,0.000403471,0,0.68230529,1.570471219,0.820385807,0
AT4G08040,4.559492355,0,0.375963149,0,0,0,0.000275829,0.010862979,0.009091081,0.021850915,0.00035847,0.001045535,0.001960344,4.610146898,5.241136258,2.463176001,0.001632319,0.442844755,0.00027548,0,0.00016449,0.00125356,0.003170517,0.000180568,0.003057696,0.003155023,8.399203805,1.232485282,2.315887088,0.155570471,5.043409079,0.034555807,1.182523015,5.682433448,0.244343659,0
AT4G11280,21.63413036,32.75184274,33.78326056,30.24484012,27.09103906,11.56224054,14.27130515,6.492189002,8.591048334,6.157933019,0.978662132,0.807315593,2.820801473,13.9366976,8.20201299,18.85524205,26.02928111,8.059189251,54.11724931,6.552328227,63.73792029,41.18850768,23.27513099,4.820734252,6.312617102,11.19820136,30.13346372,37.72150528,4.048940313,6.67294643,15.32294031,10.42117535,52.89785547,10.7238971,3.758993136,1.734109799
AT4G26200,6.79160254,0.914398232,0.000281434,0,0,0,10.18542208,0.010862979,0.009091081,0.021850915,0.00035847,0.001045535,0.001960344,0.001838323,0.001454287,0.000318224,13.59693988,0.481494092,0.00027548,0,7.311844325,0.826564361,10.8987646,4.330785091,0.003057696,10.93913129,1.245473085,0,2.526685962,1.127001708,3.445120539,0,0.035823255,6.474961835,0.820385807,0.067830869
AT4G37770,0.038957684,6.155125038,5.725937419,9.684814663,1.859499595,0.869753157,0.000275829,0.010862979,0.009091081,0.021850915,0.00035847,0.001045535,1.711522632,17.41410527,17.43018104,2.984426662,2.899851842,0,0.786849321,0.443260963,1.94202359,0.00125356,3.31800416,4.313965771,5.197122701,0.003155023,2.240987987,0.906077004,0,0,7.731428621,0.070838434,19.47964022,0.05986572,0,0.542755523
AT5G65800,1.284716364,0,0.000281434,0,0,0,0.000275829,0.010862979,0.009091081,0.021850915,0.00035847,0.001045535,0.001960344,0.001838323,0.001454287,0.000318224,0.001632319,0.165889992,0.514406093,0,0.00016449,0.00125356,0.003170517,0.000180568,0.003057696,0.003155023,0.002076151,0,4.698309651,0.564978115,0.000403471,0.014708341,0.000245407,6.674731152,4.543930876,0.685308387
AT4G22880,1.715193323,0.988915429,0.000281434,1.100666366,32.39997889,102.3530199,1.936999205,0.010862979,3.04287382,0.021850915,1.755342038,0.001045535,0.001960344,0.001838323,0.001454287,2.733644164,74.85340048,1.604954483,2.971883798,11.99375462,0.737598411,2.206833978,0.003170517,0.000180568,0.003057696,0.003155023,2.150961099,1.882891511,0,0,2.422077254,0.056161055,0.098661686,0,0,0
AT2G40840,12.12418368,9.041488408,5.867191775,5.734085828,10.73127251,11.05030135,10.34472883,5.563936561,4.808184763,0.021850915,11.45112195,11.19549069,23.99468063,16.2790278,19.94173932,13.50441312,32.58808447,7.210709729,13.92872882,10.27776365,17.98361833,33.76569659,5.454446111,12.18448931,8.030524127,14.3393066,17.99340658,9.592331765,5.995732541,9.146217626,13.3334931,8.62333859,7.167102675,5.682433448,11.14894177,14.56297882
AT3G46970,4.06981296,13.90901152,4.432636188,4.588234501,14.75776132,14.46901524,8.394086045,3.854044776,3.750918389,4.915153109,17.63570529,20.30334674,57.99799119,32.65605768,55.599901,23.78377838,61.01998084,4.261187465,26.13728448,14.17088151,16.80611461,55.37819733,3.166941321,11.95903184,5.226408597,5.450554547,21.95193561,9.862993394,2.258386482,4.333323587,14.76854803,7.800691331,8.095889069,2.489375461,5.242512223,8.629902426
AT2G21790,9.735733191,1.332813225,1.161657017,1.629670076,13.15000049,8.847365804,3.799950563,6.435394317,6.152559348,5.222321015,5.445349412,5.497165543,3.415719484,4.553777186,5.474892949,6.486624329,2.63025015,10.00524289,3.79304904,8.188818806,1.489371445,2.271284428,29.80758838,15.10376363,38.451825,13.14783191,6.840588942,8.597026821,8.664497698,11.7295274,8.920795669,4.494897855,3.446174812,4.804450277,7.837686822,21.56289987
AT3G23580,5.749599995,8.014355737,6.128749099,7.109469538,9.33489257,8.293671964,11.38125023,20.95052164,17.10155045,11.24898264,6.654829431,6.705132138,9.104585978,8.21711128,8.581027896,6.916995985,6.869138331,4.284115624,7.636100312,8.410711043,8.573568719,11.53171788,15.20112843,10.38748276,21.47416812,12.22848969,6.43358263,5.464999148,2.886157806,4.321144937,5.289823216,8.390649023,11.18480826,5.89499759,3.473608259,7.359316782
AT4G09320,522.7723185,54.78848641,51.54780746,30.52694334,427.2301148,444.7159719,213.5593457,37.16993431,28.93790912,9.09137394,196.6178047,162.1650383,114.1906421,120.790392,131.8425124,181.7224326,53.08446659,375.7981918,154.6881933,230.0830159,128.6590984,79.58520521,1903.800003,272.7606408,264.3073466,106.608882,168.2250849,402.3599013,148.2964163,333.1154729,196.6178047,82.12674876,39.26253624,82.30950222,444.7159719,705.2404887
AT3G27060,16.53228491,5.890873667,7.64410345,30.88495126,12.69824924,15.75594119,8.334599294,4.330785091,13.91048831,39.3719798,4.565327088,4.840852685,4.154302393,7.562595119,8.215640747,8.581395634,1.760999978,12.14814075,6.028027789,10.45835051,2.789370674,2.918581435,31.82006113,11.18103498,54.11724931,10.69552586,9.594150663,11.8109,9.191584618,13.18704244,11.4713929,7.361290524,9.483102311,7.421723771,24.79737353,32.58808447
AT1G72040,8.702635995,4.470984484,4.005178761,3.52270169,13.25334201,7.55626179,6.880256084,38.67490371,31.99076358,3.102453474,9.036947578,9.285340742,5.693823723,4.14692982,4.5429442,5.564287646,5.88000603,5.88390871,3.819043242,11.0421244,8.428725513,10.90248227,14.51457064,11.11086492,11.88529383,7.980951262,6.717391123,9.125005614,3.17548675,6.394223932,10.33193073,6.251774152,5.783850473,3.481317433,5.242512223,20.19108725
AT2G41880,4.925161788,7.100594418,6.08738099,19.8058578,3.037252917,2.469605315,6.701667184,8.934713784,6.463819158,34.60328584,4.791852991,4.554981578,4.79735178,7.547496391,6.924017031,9.957052413,4.228524777,3.099205527,5.418738175,4.343797904,4.289455037,4.52077921,1.564080774,2.342861836,3.815350511,3.275391517,8.017540381,6.867397191,5.523365108,3.489712413,4.801313955,4.919259452,6.927001884,10.54928345,4.291468239,4.531038486
AT5G60340,19.29936061,14.29074574,18.50890617,10.27776365,27.14721061,27.36948096,24.80932233,38.74802101,30.65282484,7.55626179,25.13288392,24.88721337,16.91688696,14.38840068,13.24889944,15.77000494,10.16801179,24.76917702,13.50441312,21.01143426,17.79154636,11.80300925,36.51624496,33.72923187,22.87434631,24.77747602,14.55184648,23.58920677,14.95514705,19.87165887,20.95551247,14.80909074,10.56303302,14.59605476,17.80433835,42.26973618
AT5G63310,9.957052413,3.789516715,5.421739472,5.512649313,23.76180518,41.69498384,8.903591637,5.223284644,5.460400543,0.021850915,10.69338252,12.68985187,15.41563901,48.66735609,44.62607097,29.39576762,4.359508854,9.496882094,17.79340049,16.46546444,7.053273122,8.220901334,8.609437472,6.108170326,13.59102199,5.725552129,65.96388265,25.44078328,5.491358787,8.667258062,52.7616214,28.87013351,40.68385443,5.259482469,9.313903023,16.08410963
AT2G37250,30.35082901,13.75754531,8.839498672,7.36243219,11.41147759,16.70273373,5.949669557,5.525704755,7.539542149,8.537951785,10.70031434,10.37323954,7.829458378,7.838072258,7.544155137,10.50088247,12.98753189,17.99416008,10.73665764,10.09500809,14.98766494,13.05199685,8.839498672,16.99276525,22.4088991,11.56858968,12.9955847,16.87673902,17.46570544,19.99789152,13.04200603,16.46977671,10.88623379,25.88446322,41.07945029,35.2374609
AT3G57610,19.21108373,7.229206741,5.565242251,4.260391631,10.64878938,11.54029339,10.77431615,6.559092298,6.502637465,0.021850915,8.896890316,8.89614571,10.82534209,11.0669275,11.45954419,11.18480826,7.307203124,14.64673638,6.710619416,9.288201304,9.452789688,11.46253934,15.05827056,12.45410587,58.12274732,30.32526328,20.38706787,12.98635942,10.90626715,16.6444433,18.36663736,13.24635566,12.27862637,8.73293486,13.52184748,31.93024255
AT5G26667,37.99633355,21.25546291,22.10705585,41.00731041,28.34101852,45.95338001,18.65140778,4.257833778,3.212680032,54.36198401,33.98915551,30.98592639,15.64807476,21.55086373,24.66104041,29.89488897,18.50890617,35.42935789,84.24025971,27.28669891,16.65077918,17.59911383,21.42639843,26.10458987,22.0179224,10.10128122,21.46622129,35.95667952,34.94073802,37.7598558,21.88439938,10.28174432,7.650851416,28.28043384,60.81367216,26.50964727
AT5G37850,9.055916932,7.562595119,7.839222915,4.358037758,7.49856118,8.603736595,7.686863252,5.046110575,4.26833475,2.871835242,11.72444173,12.16871969,15.05325006,13.52847223,14.48161525,14.58820285,9.09672935,11.53171788,10.56116721,6.633862427,8.102250766,7.798104674,5.27676557,8.048853779,10.28664092,11.53883721,12.88368684,12.68731992,10.46804106,9.77900688,14.76562112,11.0645557,10.77431615,11.24933949,10.51821982,14.87713151
AT5G49970,8.579315742,10.50664901,19.06931101,12.61539972,10.37729096,12.16593307,10.69503968,5.053735162,4.222863386,11.44734802,13.46810917,14.59102203,16.14967645,14.38463449,15.6254126,18.04535876,9.732196973,7.865306259,16.6342853,14.06413244,9.860848692,14.48336832,9.739736916,6.495182262,6.234431564,6.681201724,17.97989626,12.68523431,8.485845364,8.407789028,15.80825147,15.02959135,13.59851114,10.19456098,7.643900922,8.432584314
AT5G53580,1.781837133,5.205061969,4.52375294,4.22721972,7.944840721,13.69249227,4.009503669,4.781867476,4.529157263,0.021850915,10.96280317,13.81000832,15.8556832,11.31521174,10.88277236,7.95078744,5.90056467,2.550584786,15.74406909,7.48281911,5.653566199,8.612569356,2.446667612,3.047255679,2.327766957,5.914013385,16.23158325,7.867908794,2.455078919,2.024477829,12.79995886,17.6505632,17.09169594,3.481317433,1.927265861,3.194052443
AT2G19570,22.13956027,33.18780031,28.53757465,26.68147794,10.61641277,15.76700762,25.3559473,17.58752511,19.29172042,21.94571658,9.669251454,10.29131332,8.049501406,7.478010778,8.380635681,10.54608749,29.07694625,24.37533815,10.97800313,24.53176652,92.77070487,157.7094044,5.019941019,18.93309881,4.245836713,4.991857308,4.731698594,12.43640255,19.99789152,16.83562912,5.789079243,5.637936381,20.83396442,0,0,0
AT3G07800,4.835843234,3.797083909,2.614306411,1.805371824,2.703546617,5.677988071,6.789783113,3.695984407,4.596855431,3.285072361,4.830568208,5.206346777,6.395428206,8.064140498,6.838216653,5.992704071,4.396232523,4.359955531,4.28880713,2.855477167,2.791570708,3.731231612,8.90114333,2.701999626,12.50464549,7.230320277,3.992532216,4.004430618,3.738681883,3.47273741,3.973990762,4.029210527,6.861589156,5.471269125,8.783914061,7.121063702
AT5G23070,4.758012007,4.060149589,3.639613527,2.555064497,6.358773545,6.272335874,6.317545384,12.01012655,15.70470188,3.823320328,3.205760817,3.64004938,4.773045344,5.115929386,4.76693343,3.823772749,3.56653516,3.430656211,3.199402996,5.274975975,4.502806465,6.247283847,8.387343467,5.206881058,6.440129226,3.177143144,6.662952175,4.966112811,2.76778442,4.057183913,8.06278324,4.648282584,3.767332954,2.850950429,3.473608259,8.432584314
AT3G46940,15.97584408,0.380592123,0.964293627,4.518120216,15.20230222,13.35452041,9.145240763,3.716944585,3.441677928,9.487060555,2.811605404,3.700506358,2.323186782,5.70537835,5.87962738,5.938967725,0.55318343,13.60696635,3.958831116,6.904216156,0.910933667,2.467961462,35.45364319,7.597770516,21.59873373,3.219586464,9.487060555,8.586086149,11.64201344,15.92637802,11.37746276,3.783877278,2.499869955,4.292725257,10.16361977,23.03067127
AT2G40890,41.59343409,6.499918021,2.653850843,1.289523452,3.11113556,7.655014533,24.97630138,25.0494624,29.89488897,3.320489074,33.22718936,38.78119127,7.407777455,8.905551074,8.390649023,8.727561102,7.695979183,24.68939628,29.61499854,4.397823681,19.29172042,23.37216395,5.690210017,14.55184648,2.131971576,11.72723375,10.61182951,11.13509782,36.18451477,23.76180518,9.265379782,11.38170788,17.95814103,113.4673505,17.63570529,4.771565965
AT1G01420,1.408524641,0.977780615,0.000281434,0,0,0,1.354265197,3.96143264,3.043334495,0.021850915,1.913385823,1.917968747,2.351644925,2.100561862,2.246839749,2.736275605,5.71313279,2.020984173,2.204001,0,0.991196123,2.226589244,0.003170517,0.000180568,0.003057696,0.003155023,6.156020538,7.698421549,2.124839403,2.828235198,4.840002976,6.473056397,1.961363403,0.952874437,0.023088718,0
AT1G07240,5.668429727,6.275202408,8.982774696,4.401749363,0.855376265,0.450586377,5.443419767,6.053366054,7.39903189,4.054372618,3.832263406,3.996536461,7.640554717,6.721734607,6.110184153,7.796671051,5.70537835,9.76936982,2.026979356,1.92271242,4.078294396,4.496863042,1.633186825,9.265379782,3.987204527,8.478933264,5.658062702,10.15964513,8.244372495,7.06295516,5.039496441,5.936402728,6.432718632,8.01572457,3.473608259,2.199294443
AT1G07250,6.730644348,7.246037747,7.086485227,4.075072638,2.515832087,5.00103978,4.337544448,3.004704115,3.439508708,4.84174065,4.928137685,5.787898136,9.043448369,8.906572601,9.148356458,5.061865041,5.420743501,4.589517212,7.785065699,4.688171249,8.837370972,11.44614295,1.263813259,1.931343426,1.760306977,2.153118834,7.276141388,4.584726361,5.826955688,4.97554442,5.884099619,19.7020648,10.89143047,9.103659799,8.94435241,6.15400516
AT1G07260,5.426235581,0,0.000281434,0,0,0,5.057685403,2.890227747,3.405777355,0.021850915,0.00035847,0.001045535,0.001960344,0.001838323,0.001454287,0.68230529,0.001632319,9.123952652,0.00027548,0,0.00016449,0.00125356,1.437470131,7.997314832,6.716428903,3.046263147,0.002076151,5.275337276,6.643680312,4.542497129,0.000403471,0.096002256,0.702529092,5.682433448,4.291468239,2.884082229
AT1G30530,3.180916243,2.210195663,9.115461481,4.229361679,35.2374609,31.34684042,21.48193219,5.05018088,6.270327301,0.021850915,18.6574428,20.00292024,11.06195391,2.541850833,2.193248536,5.203743461,7.219265661,1.276981074,13.14939496,25.55413606,8.924862663,5.736566348,0.003170517,0.90349325,1.132328772,0.003155023,11.14723714,9.113450363,0,2.212992443,7.173861586,11.13569652,0.179538039,0.205925868,0.46233691,2.199294443
AT1G73880,2.887489398,8.145002804,5.236505907,4.754054818,2.32273214,2.25285719,6.457587731,17.41410527,20.86778582,0.021850915,1.273797421,1.568189017,1.801582273,0.789069932,0.001454287,0.789517863,13.35611729,1.658369122,3.561653522,3.998930492,16.83562912,16.98558276,5.520896406,3.278987667,3.155342818,1.946295174,1.406094915,1.132328772,1.325991435,0.750662606,1.148032362,4.212864309,10.14434798,3.179453056,4.291468239,3.490697209
AT2G15480,16.01408327,13.77419917,5.683349022,4.782752323,0.725100474,0,4.080656151,0.010862979,2.691850272,11.55490039,1.036373187,0.001045535,5.570684629,3.859360727,1.332241653,0.693453527,18.62504133,10.11446659,0.306801442,1.019074431,7.419622275,3.479245984,2.251856828,11.79405368,11.54176057,8.991568762,3.351588823,7.543090892,15.96731441,12.60245169,1.59718613,2.253943726,29.38511319,15.92208943,7.643900922,4.277215559
AT2G15490,0,4.539535848,0.871247894,0,0,0,4.790736501,3.440804146,13.77605224,0.021850915,0.00035847,0.001045535,0.001960344,0.001838323,0.001454287,0.000318224,4.801313955,14.85413996,0.00027548,0,2.79549374,1.918989392,5.907846447,17.29518587,37.2645426,12.01753499,0.002076151,4.645866601,26.61529557,21.08456926,0.000403471,0,6.393559299,24.96717407,21.4048048,28.42220554
AT2G29730,7.477493893,2.609512298,5.209639985,3.730312804,4.562055623,7.282680237,0.508303692,0.010862979,0.009091081,0.021850915,7.994898656,8.480530893,2.312192276,4.03307794,3.221113613,5.948934376,0.001632319,7.645054123,7.786120093,4.355636345,4.34334373,4.145744197,2.216755941,3.007047531,4.285379439,10.4661608,3.351001382,7.629416014,9.369785945,7.694206608,3.2006961,2.071726427,2.045294802,10.37084987,10.86812728,2.199294443
AT2G29740,6.08764531,0,0.000281434,0,0,0,1.578069292,0.010862979,5.257522777,0.021850915,0.00035847,0.001045535,0.001960344,0.001838323,0.001454287,0.000318224,0.001632319,4.462319439,0.00027548,0,0.00016449,0.00125356,2.565983581,3.188343884,6.685482653,11.90463778,1.571835333,2.937045549,7.012415397,4.682034116,0.895215761,0.015373617,0.020781635,6.474961835,5.009944989,1.734109799
AT2G36790,0.278647262,4.077099909,13.51808431,9.48529458,0,0.090185961,0.000275829,0.010862979,0.009091081,0.021850915,0.00035847,0.001045535,2.144426426,1.440823741,0.544344094,0.898219858,1.293328913,0,0.00027548,4.562452504,0.00016449,1.227087876,0.003170517,0.000180568,0.003057696,0.003155023,5.832957412,0,0,0,1.033884927,1.8029374,2.441361407,0,0,0
AT3G16520,0.99417161,4.235860098,6.649294436,3.488300891,8.095169087,17.9051265,7.404678366,4.820371929,4.740876391,0.021850915,8.524238497,10.3331284,23.05587818,20.13349818,15.10999357,10.6188429,6.601621629,4.788333615,19.082253,7.351486635,9.734216663,10.95447652,10.52667367,4.021464516,5.01507136,7.832064202,28.02731242,12.86271741,1.524237491,2.234342276,23.07371384,23.14701058,14.58522282,0.952874437,0.023088718,0
AT3G21750,4.608743324,12.26103698,11.97924129,7.058435411,4.323659892,8.419192613,6.86483275,4.789947159,3.747192852,0.021850915,7.602559072,8.01954602,15.9787129,9.042528851,9.225717459,5.919571301,7.838072258,1.975258846,11.80473262,13.34774955,11.64063147,28.26246552,0.003170517,3.969038735,0.003057696,0.003155023,6.268909297,3.048078065,3.084397218,2.097914226,5.000165871,16.13877954,10.16801179,3.765948016,8.026220746,3.194052443
AT3G21800,0.041317333,0,0.000281434,0,0,0,10.79361952,4.390220927,3.461543066,4.469634759,0.00035847,0.001045535,0.001960344,0.001838323,0.001454287,0.000318224,0.001632319,0,0.00027548,0,0.00016449,0.00125356,0.003170517,0.000180568,0.003057696,0.003155023,0.002076151,0,0,0,0.000403471,0,0,0,0,0.067830869
AT3G46660,0.24654907,73.42282232,12.01753499,25.0494624,2.823447553,0,0.000275829,59.07169856,44.91809593,0.021850915,0.00035847,0.001045535,0.001960344,3.489430272,0.001454287,0.000318224,47.84826362,0,0.00027548,24.35770306,23.75217302,93.17594721,0.003170517,0.000180568,0.003057696,0.003155023,0.002076151,0,0,0,0.000403471,0.026844454,21.4048048,0,0,0
AT3G46670,0.085184565,16.34960275,5.155745539,3.284305663,3.003311731,3.274671324,3.993041966,27.75401159,24.54738928,0.021850915,0.00035847,0.001045535,2.915314281,7.2216556,6.360777245,0.628366062,13.69249227,0,2.361392737,7.548772531,6.533665514,21.20148404,0.003170517,0.000180568,0.003057696,0.003155023,5.882442392,0,0,0,3.476665336,5.288875617,16.80611461,0,0,0
AT4G15280,0.07551775,0,0.000281434,0,0,0,0.000275829,0.010862979,0.009091081,0.021850915,0.00035847,0.001045535,0.001960344,0.001838323,0.001454287,0.627332698,4.583100032,0,0.00027548,0,0.00016449,0.00125356,0.003170517,7.547975932,0.003057696,0.003155023,0.002076151,0,0,0,0.000403471,0.263106045,3.417866813,0.437070928,0.114678863,3.194052443
AT4G34135,26.16099911,59.55020916,32.76329368,19.46591085,0.261382495,0,2.523230106,0.010862979,3.236966761,0.021850915,0.00035847,0.001045535,5.291305681,7.12382194,6.340805423,2.037918444,60.00018461,11.57439177,0.00027548,10.8810085,10.18194532,17.60712907,0.003170517,1.375144777,0.003057696,5.00165171,7.686863252,7.848814796,23.602342,15.96914723,4.588234501,4.109098715,18.9914895,24.75691444,6.314333011,3.768798343
AT4G34138,18.76659557,8.779033374,9.668605524,9.280057231,6.261494391,10.6923327,5.213928981,0.010862979,0.009091081,0.021850915,3.437491698,3.118903838,2.728864233,5.729998093,4.397480425,1.906675747,3.850042195,11.56224054,0.00027548,10.37658014,14.28360644,16.81905856,0.003170517,3.919884506,0.003057696,6.13300435,12.28160887,8.991568762,20.54982353,13.64773891,10.71701413,1.957599258,4.144007141,7.817372141,2.799213659,0.542755523
AT5G17030,0.005657222,0,0.000281434,0,0,0,0.000275829,0.010862979,0.009091081,0.021850915,0.00035847,0.001045535,0.001960344,0.001838323,0.001454287,0.000318224,0.001632319,0,1.008470758,0,0.00016449,0.00125356,0.003170517,0.000180568,0.003057696,0.003155023,0.002076151,0,0,0,0.000403471,0,0.165179909,0,0,0
AT5G59580,0.774595365,3.695984407,2.80305951,2.056682071,1.48652518,1.382102119,3.708564683,0.010862979,0.009091081,0.021850915,0.00035847,0.001045535,0.001960344,1.911716131,0.834615371,0.000318224,1.626611468,0,0.00027548,1.850361853,0.00016449,0.00125356,0.003170517,0.000180568,0.003057696,0.003155023,0.002076151,0,0,0,0.000403471,0,0.613120356,0,0,0
AT5G59590,5.919571301,0,0.000281434,0,0,0,10.56510636,4.778782283,4.282968159,6.726050714,0.00035847,0.001045535,0.001960344,0.001838323,0.001454287,0.000318224,0.001632319,0,0.00027548,0,0.00016449,0.614270954,0.003170517,0.000180568,0.003057696,0.003155023,0.002076151,1.958094555,4.530713596,0.560163125,0.000403471,0,0.034157668,2.850950429,3.156234014,3.194052443
AT4G34131,30.24484012,15.27516405,7.753078676,8.940260655,0,0,0.000275829,0.010862979,4.503470475,3.718622848,0.00035847,0.001045535,0.001960344,1.185508289,1.283649286,1.037271609,22.45610531,14.11719862,0.00027548,2.153583318,5.009458643,4.017020931,4.28805865,6.127354585,1.408108809,12.69319038,2.234750931,5.292738669,30.32526328,22.38636603,1.759448536,0.813182081,24.05070178,16.95134705,7.090430587,1.734109799
AT3G09150,1.440823741,4.089249421,3.453800149,1.607329641,5.250817226,8.79856256,4.266449197,3.693058991,3.15779411,0.021850915,3.505727243,3.415719484,6.481586499,4.084519005,4.746176263,4.284506461,5.264494694,2.878950318,6.033758802,4.083335577,5.02659936,7.858454553,6.116302715,3.003869883,3.084397218,3.72853851,6.270327301,3.77654484,1.526862866,2.084711953,6.695966698,4.252382958,3.996834531,0.952874437,1.927265861,3.768798343
AT1G19670,0.011104663,5.320790656,12.50708944,11.05933054,35.31946618,37.50826369,7.211354473,0.010862979,0.009091081,0.021850915,18.79127793,21.80392376,41.34173186,34.94073802,21.55990748,52.66873364,12.23225359,0,12.34428809,39.59449807,6.670530158,8.1409347,0.003170517,0.000180568,0.003057696,0.003155023,14.76006898,11.97559301,0,0,9.280277523,17.69733839,14.7501446,0,0,0
AT5G43860,0.039503321,2.527646791,0.000281434,0,0,0.340856486,14.51457064,8.913422567,9.107322328,0.021850915,3.138766898,3.737324438,2.611581566,2.721050186,1.908005133,1.00262267,4.571480053,0.140983493,2.832779495,0.070065209,2.510387359,3.772885912,2.37482337,1.387730005,1.970860812,2.914401924,1.097239975,0,0.277604754,0,1.023336347,8.860361898,6.120635593,0.01005785,0.0587917,0
AT2G23260,0.00191525,0,0.000281434,0,0,0,4.72978916,0.010862979,0.009091081,0.021850915,0.00035847,0.001045535,0.001960344,0.001838323,0.001454287,0.000318224,0.001632319,0,0.00027548,0,0.00016449,0.00125356,0.003170517,0.000180568,0.003057696,0.003155023,0.002076151,0,0,0,0.000403471,0,0,0.127306443,0.023088718,0
AT2G26480,5.114615229,1.50352257,0.000281434,0,0,0,0.000275829,0.010862979,0.009091081,0.021850915,0.00035847,0.001045535,0.001960344,0.001838323,0.001454287,0.000318224,3.418436164,4.066813746,0.00027548,0,0.292876215,0.00125356,2.510831026,4.463577357,0.003057696,0.003155023,0.002076151,0,4.275050142,4.001234215,0.000403471,0.010931167,0.085760676,6.474961835,1.377352849,0.279282946
AT2G29750,21.11875254,1.121385584,0.000281434,0,0,0.116181781,1.124510504,0.010862979,0.009091081,0.021850915,0.752426307,0.443260963,0.001960344,0.001838323,0.001454287,0.000318224,0.001632319,9.67359251,3.972354619,0,1.948610406,0.00125356,0.003170517,3.693713435,1.389254828,2.843744665,0.002076151,0.822453582,21.4048048,11.45954419,0.000403471,0.030753492,2.539863205,35.37950132,16.86779729,2.884082229
AT2G36800,0.899945068,33.35917822,22.71847651,19.8046408,0.546746546,0.131760718,0.000275829,0.010862979,3.428117703,3.551831316,1.625709735,1.757125257,6.342470712,3.129020408,2.507494411,2.221374885,32.99832805,0,3.454825674,8.635023483,2.82116504,6.126917704,2.632029011,1.638189722,0.003057696,3.037693524,8.952307942,1.346982615,0,0,4.698309651,5.56715124,6.827967974,0.091509188,0.387653517,0.279282946
AT1G61680,0.001581443,5.42683249,244.9224792,67.99110331,4.249083685,1.924991681,0.000275829,0.010862979,0.009091081,0.021850915,0.00035847,0.864383033,0.001960344,0.001838323,0.001454287,0.000318224,0.001632319,0,0.00027548,109.381801,0.00016449,0.00125356,0.003170517,0.000180568,0.003057696,0.003155023,0.002076151,0,0,0,0.000403471,0.004512322,0,0.032458052,0.244343659,0.067830869
AT5G41040,72.15764148,1.200698857,0.000281434,0,3.55076208,2.084711953,28.27610074,0.010862979,0.009091081,3.851797102,0.00035847,0.001045535,0.001960344,0.001838323,0.001454287,0.634096236,3.774773748,20.68900194,0.77087538,3.818490945,3.853042939,0.00125356,1.335154181,7.107098859,0.003057696,1.146402797,0.002076151,13.47307799,60.88367263,23.05587818,0.91562513,4.22097208,1.134045202,46.08405431,1.377352849,0.279282946
AT1G17290,28.13249223,30.08821545,34.10255592,24.05070178,19.87550159,13.3334931,22.3901646,14.92601799,16.18442538,20.40495262,20.72924206,20.62279623,16.44893323,39.04779153,36.83556807,29.29316913,28.75831686,20.82499144,10.52133045,25.92433694,19.0454997,18.12248919,39.95897797,51.28157061,41.40115024,131.8425124,23.90740396,18.20004978,19.45901351,19.46591085,19.63065531,21.65252463,103.242609,22.38302654,24.59607895,21.35729445
AT1G23310,11.91301802,44.70564359,15.60628543,12.99686522,36.51624496,54.36198401,14.38463449,10.97320883,9.961371028,9.047119995,156.6803112,211.4476126,244.9224792,215.1934263,200.8173478,178.477327,49.37235878,11.55993674,198.4699592,32.82260896,41.61022341,138.4691725,8.333066037,13.91696763,6.733162287,13.55452802,252.6514196,111.7798728,10.16482728,9.586346692,256.542956,397.5847241,460.1071229,14.59605476,5.908040537,7.814198548
AT1G62960,4.541271274,7.2440948,8.581027896,16.86589689,5.191964013,7.407309146,5.051331374,5.56663234,5.252559461,29.90092196,7.613986593,8.428725513,11.4949534,7.695284203,6.593041806,8.476818699,8.942303409,3.744849759,10.09552984,6.044673653,6.11668717,9.028143064,5.083399857,4.39421236,9.607705226,9.774338157,14.59966354,6.54360623,3.839013376,3.535894,10.88020451,22.87015745,18.26744847,3.481317433,3.758993136,5.708952612
AT1G70580,11.98446508,15.3795909,6.346429132,6.399111766,5.278823154,5.660544311,22.20688312,80.16328476,68.21300723,4.2134486,7.629794105,8.197713871,18.33040886,13.75131682,12.98635942,4.583769458,12.22735387,5.641646317,12.70639905,6.836870972,19.93748133,29.50913318,8.065387064,5.294840517,6.429923938,9.640677808,15.38664742,2.999827047,7.095010102,6.649751553,8.210430068,24.4679234,19.97295356,8.913850804,10.51821982,8.432584314
AT1G79750,37.32594216,14.92014887,15.60521126,18.99252666,27.84303529,20.24854581,18.78277311,14.46551511,12.77476845,21.88439938,18.36513918,18.69820676,17.95397913,14.9411001,18.18918686,20.24468246,15.82405265,27.84303529,20.04876446,20.14206245,19.93149403,18.85163358,9.286923473,29.29316913,9.782852941,9.489372473,17.78002226,24.04114282,22.97237891,27.04140274,24.36285128,34.3986138,31.91488199,22.2338865,35.83028595,39.62607886
AT2G19900,3.474003372,4.138888283,0.000281434,0.243115839,0,0,15.04194645,139.9618864,114.1906421,5.491657505,0.00035847,0.001045535,0.001960344,0.001838323,0.001454287,0.000318224,4.35320635,0.569981088,0.00027548,0,1.200698857,3.520399068,0.003170517,5.671425162,0.003057696,1.958094555,0.002076151,0,0,0,0.000403471,0.023058205,0.009411985,1.570471219,0.023088718,0.067830869
AT2G30970,29.62128848,14.17088151,11.24331653,9.956046039,11.3492477,16.22512498,10.52110737,5.915916886,11.13712072,9.850034922,11.91301802,11.55993674,10.72493782,10.64972055,11.98260518,16.26460316,11.58187148,18.99252666,8.913422567,11.23243032,15.04975549,15.03150842,10.38748276,14.9411001,68.21300723,23.9032816,23.12796369,18.51204126,22.14641226,25.13288392,17.90667044,14.91130779,9.865854918,17.96062282,33.52330451,30.13346372
AT4G31990,37.06594763,26.79616069,19.30270083,12.61010281,16.80611461,24.52823046,23.37216395,9.483102311,7.635556234,6.271712265,21.20148404,22.25357932,28.03552191,21.14106193,25.54938849,24.47175298,20.26673192,25.37926437,26.14464074,21.35354514,28.36989604,60.88367263,8.484817013,15.19731722,15.22566553,20.06569637,35.95667952,26.10458987,30.18803312,30.18803312,33.72923187,28.59998529,25.75498925,21.13474221,35.3121727,26.50964727
AT4G37870,27.93754424,23.08827505,52.47479028,44.27571621,40.82153434,10.90696607,29.97611928,91.26615083,91.89090558,10.29672462,55.65968392,49.99574412,20.04876446,12.12204965,15.41563901,38.21970235,20.68900194,71.57775039,14.6085573,72.77734776,25.31106569,14.74731868,125.2945989,200.8173478,181.2336546,143.3934826,16.53228491,39.26253624,24.52823046,47.38135089,30.98592639,22.92293341,4.359955531,28.42220554,14.91205285,45.91634456
AT5G11670,30.66045769,101.7915712,55.18298525,20.83396442,25.90532235,10.52110737,10.16223515,3.567912862,3.256800158,0.021850915,42.23089418,38.5052802,81.8829004,83.26119266,78.4716095,138.4691725,58.86803688,285.6981519,12.67927546,30.88044266,34.22631329,36.23003236,87.22263557,65.98686489,70.93344896,302.5511027,26.48898601,94.40320147,115.9303603,104.3527796,17.61171577,12.36764958,158.4155166,50.40970012,30.49024073,14.56297882
AT5G19550,27.76116458,18.33253516,16.53407286,12.51778001,7.877857012,10.78060503,23.73919365,11.98666524,24.2381197,5.6917133,13.51504897,11.96552949,13.39522855,16.47438878,17.82629334,19.1978226,21.08922689,25.55585675,9.802682537,11.1190241,14.76562112,13.95423201,58.78873529,72.88892298,167.0506691,187.4992568,12.26955104,12.17914093,28.47232877,22.00441423,18.34564215,14.74050998,8.579315742,28.28043384,26.80541658,16.68885754
AT5G25880,1.148601019,0.240968674,0.539071788,3.523156339,0.935609645,3.183101996,0.000275829,0.010862979,0.009091081,13.17740285,0.00035847,0.001045535,0.001960344,0.001838323,0.001454287,0.000318224,0.001632319,0.59482547,2.510387359,1.176234944,0.915015922,0.00125356,0.003170517,0.848639341,1.952422897,0.003155023,0.002076151,0,1.592239208,0.679112771,0.69051941,0,0,4.038477681,4.291468239,0.542755523
AT5G51690,4.57276874,3.050021763,2.629206391,2.506329986,2.876236244,3.239666065,2.925400212,4.749066767,4.699989425,3.420965146,4.57276874,4.75133656,4.225409377,3.412722737,4.017997819,3.855881863,3.821481737,3.739075293,4.349816624,2.490259636,4.796357684,4.76693343,2.919695824,4.227937588,3.96857511,4.346120617,4.609653388,3.685534968,4.525521468,4.354770955,4.297440418,5.265905831,5.016537856,3.481317433,2.409562569,3.194052443
AT2G22780,21.80135625,17.23386127,12.8557989,12.14461517,9.637828445,11.96238165,11.14816514,33.98915551,35.53419225,8.336243341,12.61423274,11.38170788,14.33396372,10.93862093,12.28160887,11.96644692,13.71441233,17.65243105,7.076126558,12.02379295,14.95409519,17.19986376,14.1090484,20.11334798,11.31405451,14.60116441,11.97457765,12.61010281,20.73951275,17.07859913,10.15912056,13.65632806,10.72849475,26.80088749,21.59257727,11.49854109
AT5G09660,2.505822441,24.39612944,6.145049914,5.645851793,13.10517579,41.64540218,8.287994746,0.010862979,2.10713279,4.809954579,84.06368047,133.7099657,170.2261058,140.9247848,117.4098338,67.46012975,26.2032501,0.118635843,152.4155659,14.76006898,22.22171626,100.238945,0.003170517,0.000180568,3.161190599,3.694391434,199.4712377,28.17685508,0,0,142.948051,221.3290559,221.3290559,0.952874437,0.46233691,1.238782626
AT5G44630,0,4.83361919,1.352977472,2.698810374,53.53783272,3.437491698,3.194281982,0.010862979,0.009091081,0.021850915,0.00035847,0.001045535,0.001960344,0.001838323,0.001454287,0.000318224,0.001632319,0,0.00027548,46.42720199,0.00016449,0.00125356,0.003170517,0.000180568,0.003057696,0.003155023,0.002076151,0,0,0,0.000403471,0,0,0,0,0
AT2G44990,0,0,0.664892264,0,0,0,0.000275829,15.02455778,8.599124281,0.021850915,0.599628641,0.674082957,0.001960344,0.001838323,0.001454287,0.000318224,1.948138353,0,0.00027548,0,0.00016449,0.00125356,0.003170517,0.000180568,0.003057696,0.003155023,0.002076151,0.664892264,0,0,0.000403471,0.004307706,0.014691903,0,0,0
AT4G32810,0.154045139,6.898232489,13.37217429,2.721050186,0,0,0.710703516,0.010862979,2.863090124,7.206289853,2.55929025,2.267220545,0.001960344,0.001838323,0.001454287,0.000318224,29.94052293,3.132451924,0.959712124,3.185700223,2.115491199,0.00125356,1.399415014,2.617073969,0.003057696,0.003155023,0.002076151,3.719080262,0.384920322,0.318365604,0.000403471,0.22574673,0.001449787,0.020262441,0.176398388,0.279282946
AT5G10300,4.553416361,29.30015417,23.32100509,13.34428913,14.06547606,9.03092507,15.81586668,48.12633948,51.86616744,0.021850915,6.970925695,5.28037405,6.127354585,4.351852952,2.250438536,7.824913811,46.42720199,9.684814663,1.909431157,18.76659557,21.02591888,24.64400082,0.003170517,11.56956554,1.377920079,1.721473328,1.168631713,3.047754548,5.078233736,6.107521834,1.351860346,2.5669292,37.1091795,3.179453056,5.242512223,6.892014255
AT5G04140,3.204699043,17.86170872,4.818887688,1.778111111,8.44442035,20.90771306,1.172026195,0.010862979,0.009091081,0.021850915,35.2566778,51.37260331,70.65699843,60.19359686,73.93468137,49.48919246,11.30557919,0.168647372,68.54401761,10.71841131,8.434509823,46.74285948,2.412534564,0.000180568,0.003057696,0.003155023,104.9486413,22.79906401,1.086605747,0.326739385,72.69012371,100.839718,91.26615083,2.063431517,0.0587917,0.162035152
AT5G35630,34.31833826,34.83722363,24.48430461,15.37486346,45.60644249,102.5693239,12.08696347,0.010862979,1.863321009,4.991010821,81.74660447,109.381801,159.3381095,219.7001424,215.1934263,146.9077965,21.99211455,29.38511319,162.6013186,53.2942653,27.43301411,109.381801,3.221498781,9.466880634,3.171199957,6.127638051,298.0955459,110.4199334,32.48351904,27.68856063,326.8968043,204.4790098,204.4790098,30.39294547,32.3936286,21.17299123
AT1G79900,0.009547814,12.26472003,13.17740285,11.46109196,0.062476056,0.265694368,3.54109829,4.785496942,4.331528595,10.00679695,0.599237607,0.700309907,1.262548775,0.001838323,0.001454287,0.000318224,17.28916072,0.072034706,0.00027548,8.329762214,5.865012877,5.927385939,0.003170517,0.000180568,0.003057696,0.003155023,0.002076151,0,0,0,0.000403471,1.413753102,1.350394168,0.437070928,0.387653517,1.238782626
AT1G01120,22.87434631,19.38391292,32.02921095,23.81995301,25.5879629,27.69160637,34.10529263,0.010862979,0.009091081,4.536664064,9.647793179,11.10934459,7.620508311,64.20106915,54.052467,23.26765148,2.445316289,13.46810917,50.84384813,24.88721337,30.13346372,17.92504009,1.323533746,8.245068742,11.05666344,1.91843775,21.9977212,30.66045769,15.60100071,14.29074574,26.34075165,33.22718936,2.824447049,25.14316212,1.377352849,0.411512861
AT1G67730,43.87834992,7.638530549,8.407789028,6.450586592,21.41854406,28.64056011,50.93999621,6.470318726,6.865399086,5.820741808,9.576731878,9.135945416,8.477585411,14.0846419,12.5131124,9.574725814,8.569310359,19.7421919,21.13474221,19.76246968,6.346881654,8.400746945,7.086485227,7.90853112,7.798642945,4.533818374,8.045015638,12.81254428,28.29153559,19.06305475,11.28479087,12.45119523,6.036117996,30.13346372,31.54194229,22.86091368
AT1G68530,1.280747091,23.25642108,107.2201387,29.005081,32.27995921,51.19252877,30.35082901,0.010862979,3.47822572,4.645437996,46.6367549,55.40467381,57.27740632,100.839718,108.3282392,80.55999843,17.91703229,1.665010398,114.9968459,93.41616054,40.53539108,42.15155132,2.245520086,7.353712066,0.003057696,0.003155023,56.93195499,61.77547974,0,1.638967265,56.07059734,74.238695,0.470634827,0,0,0
AT1G76150,10.37994146,35.194936,22.09531567,14.57047205,7.163857698,9.407278746,11.55745626,18.80816559,15.70620121,5.635545646,9.910344043,9.448290608,17.18221415,12.28061525,12.70721196,11.95903184,32.70498854,11.7800705,6.337273821,14.22778455,18.14173907,24.22484099,8.102913211,12.36366223,8.895481051,12.02062683,9.108594109,9.77736178,15.80511625,11.11014965,9.645794178,9.597003238,7.393747607,15.15922857,9.845073831,6.892014255
AT3G06860,23.77673892,27.84303529,32.08876518,18.14685979,11.0467949,12.69501051,10.50319267,51.47947149,38.20039456,9.336182861,10.3331284,10.35563489,15.60100071,8.521905711,9.677040421,8.851050621,37.5579056,15.46814674,9.977562278,21.13474221,23.03067127,31.57146471,20.42821932,22.21435399,22.92293341,17.62014826,8.44161436,11.10409394,19.94173932,18.79127793,9.279462808,10.23791125,8.585247327,17.26829514,17.25144951,14.56297882
AT3G55360,30.47599831,4.063166681,8.725805449,7.408605812,25.50442534,44.49141998,35.74152063,4.932635466,5.208030685,0.021850915,11.95828652,11.98143295,7.495759513,27.23533271,29.06987193,17.82529457,5.286798723,16.99830559,77.35660317,19.56125615,7.395878889,9.369157961,8.41993142,8.476305706,17.08190003,6.440580861,14.38291725,17.03098638,18.36663736,19.2149195,18.88955095,12.52771921,4.528012177,16.09172577,30.30837459,21.35729445
AT4G34520,0,0,0.000281434,0,0,0,159.7066668,0.010862979,0.009091081,0.021850915,0.00035847,0.001045535,0.001960344,0.001838323,0.001454287,0.000318224,0.001632319,0,0.00027548,0,1.182908903,1.89250321,0.003170517,0.000180568,0.003057696,0.003155023,0.002076151,0,0,0,0.000403471,0,0,0,0,0
AT5G10480,48.75424377,6.543401825,8.852746992,7.991117934,43.22274849,59.22584061,34.11742295,8.016275386,6.550533578,5.715455394,10.97290698,10.20212177,8.79180469,19.87368436,21.59873373,12.27034166,5.868517557,22.85605129,48.34477781,26.3590008,8.580405576,9.97640416,12.48517809,11.99716537,65.22005593,13.18560913,15.49600148,23.86824316,29.25863243,26.82383611,28.02731242,10.8810085,6.094461998,19.93534525,38.22431064,29.97293186
AT1G49430,20.73461447,0.398471639,0.000281434,0,14.6931838,21.59257727,9.103659799,0.010862979,0.009091081,2.829067585,2.051665165,2.416930227,1.616483807,10.3695949,9.483918386,4.21672483,0.001632319,8.41993142,7.847996913,11.78094006,2.109411272,1.528537302,1.496970342,2.632029011,8.439442619,0.003155023,6.10040197,6.235800622,10.01596611,9.459080462,6.916089867,4.474793821,0.023252108,1.570471219,0.023088718,0
AT1G62940,0.005369357,0,0.000281434,0,0,0,0.000275829,0.010862979,0.009091081,0.021850915,0.00035847,0.001045535,0.001960344,0.001838323,0.001454287,0.000318224,0.001632319,0,0.00027548,0,0.00016449,0.00125356,0.003170517,0.000180568,0.003057696,0.003155023,0.002076151,0,0,0,0.000403471,0,0.003155023,0,0,0.162035152
AT1G64400,3.519898155,2.82660611,9.326826411,0.631059177,2.056139808,2.447961401,0.000275829,0.010862979,0.009091081,0.021850915,7.299931164,7.69310834,4.970657277,18.66118358,20.7663208,16.73284384,5.293054156,1.183965335,15.93152464,5.011483646,3.116101306,2.338360471,1.181050954,0.402626279,1.778111111,1.92271242,7.403353314,4.503470475,5.052830442,2.841402749,3.4346592,9.146217626,2.36981103,11.24933949,1.377352849,0.067830869
AT1G77590,20.63278023,6.698538914,11.23664738,17.14388623,8.242303853,7.819542419,18.61288537,0.010862979,0.009091081,6.881095617,3.469115616,3.524240423,4.320880233,5.6917133,5.655376035,4.837355654,5.305935054,11.31344137,5.443199952,14.27877775,2.111079725,3.725871282,12.00462442,5.067754878,9.306758071,3.545143908,11.91061651,10.0541064,10.24071043,12.37020852,10.86913258,5.727827653,7.631185024,6.88067585,9.48153711,16.68885754
AT2G04350,11.73863702,14.90829148,10.95046124,10.38748276,7.398696379,7.284601393,8.227832227,37.93744922,26.2032501,4.33787387,14.21840985,14.20853815,12.99022594,12.51256228,12.18448931,9.797140484,31.35876162,8.234823657,9.330786937,14.11912153,12.66889063,16.89708591,8.91900721,10.69668314,7.410513896,13.91933045,9.088966027,6.915138907,12.11822748,8.329284445,6.546529101,19.1978226,16.13600218,17.438628,7.643900922,5.247177628
AT2G47240,2.425255563,12.45690296,56.12643968,26.80541658,48.17331629,52.54578324,9.034433256,9.273354941,8.340213328,4.268793142,9.973352441,11.48412861,5.923907362,16.10848453,15.77000494,14.39365263,6.233410955,1.939649987,70.70958664,49.99574412,11.28720877,10.55277622,2.026487715,1.74696031,2.186186334,1.201585253,9.491782873,0.951821078,1.776652799,3.224282716,18.93104093,3.245976438,0.253967871,3.481317433,1.377352849,0.685308387
AT3G05970,15.60628543,19.45901351,19.52359238,13.92288491,9.268820687,10.0114057,6.706227357,13.77240581,11.78543997,9.725887131,10.86913258,10.59653199,17.79855658,10.86845055,14.84754664,12.96310177,32.55898064,12.33574787,10.88352428,13.90605038,12.77644981,18.86727794,13.80696015,13.74823428,4.978571724,6.706955707,9.724924137,9.331553702,15.62975957,13.76842964,10.38147952,9.223268036,8.21253545,16.44627766,14.42020937,12.17291996
AT4G11030,0.001342898,0,0.000281434,1.618903737,0,0,0.000275829,0.010862979,0.009091081,8.79856256,0.00035847,0.001045535,0.001960344,0.001838323,0.001454287,0.000318224,0.001632319,0,0.00027548,0,0.00016449,0.00125356,0.003170517,0.000180568,0.003057696,0.003155023,0.002076151,0,0,0,0.000403471,0,0,0,0,0
AT4G23850,43.37248248,64.66308845,38.74802101,22.0179224,31.45155986,17.91047401,34.61996141,3.704463805,4.058404528,7.083038169,28.29153559,28.17685508,34.51251899,63.00097727,71.03884773,50.39311884,68.21300723,41.34999479,23.0467757,32.61465269,36.75624531,54.67630539,37.97456487,63.85035851,34.11026151,45.08380254,29.81577421,29.30015417,51.67292916,43.35388979,31.81166259,38.58002986,37.36265584,51.89258132,37.5579056,35.2374609
AT5G27600,9.48221533,14.93774498,8.025632993,6.834283362,5.718681309,4.47400165,4.0869318,14.16862719,11.12117326,6.941327379,8.229507769,7.614772976,9.784659183,6.44842767,7.11074496,8.194191388,22.51560027,8.222401915,4.993067383,7.855702448,11.78543997,15.81189093,8.38809243,10.27287849,8.835613974,12.18448931,5.047672857,8.476305706,10.88623379,8.133740475,5.073490779,5.205349513,6.469952747,9.469153594,8.783914061,8.032105654
AT2G17265,12.14685811,6.706955707,7.103474292,6.44215806,6.110617239,9.041488408,14.20751408,12.32005727,12.86882877,0.021850915,12.52890413,9.962406926,15.63901442,7.433077554,9.184793576,10.97153335,7.799246224,11.64940698,7.080512893,7.423793805,15.31882417,10.51984523,7.620835789,5.90840121,7.012415397,4.580194914,9.406826839,13.18974303,8.633587852,10.55277622,8.410021226,13.05658162,8.241448015,9.285103885,12.84939583,16.08410963
AT3G01120,47.38135089,21.76006305,16.26635407,15.20747373,20.24221627,21.76006305,20.24221627,20.82499144,16.81349343,19.79728362,45.99888788,38.14021211,42.78991886,22.06524781,26.18314446,45.26572425,20.73461447,54.052467,23.27843515,17.99340658,23.65234316,24.96717407,16.27157891,26.79616069,56.87744143,26.14464074,37.2645426,79.01784538,38.46452414,48.89370143,25.49218387,33.89273398,17.64412608,43.47274671,38.93689166,50.51755031
AT3G03780,53.97319488,5.714702215,4.045363283,11.4949534,4.81866617,13.80569987,5.885161339,3.229731784,2.484078928,33.73894346,181.2336546,160.5405566,27.54744453,12.68731992,17.81518365,55.18298525,8.848596836,37.15977973,82.12674876,4.844811441,106.608882,110.4199334,5.232049155,7.233234585,9.920387476,7.408605812,23.75217302,43.49443221,38.22891893,46.07188786,12.1229436,20.64076523,4.489358446,53.72476995,20.40302768,6.659833789
AT5G17920,705.2404887,35.82165574,18.93309881,18.2987968,81.74660447,136.4496112,56.82976779,6.134520814,6.434176513,13.04737789,268.3990504,254.6078081,66.1274538,78.70387618,96.16453197,145.8792857,40.31290539,237.7256185,290.7232669,61.39134698,99.03322535,162.1650383,91.26615083,103.0996751,90.66449458,120.790392,129.0619748,133.2388521,219.7001424,274.9335419,117.4098338,107.0609633,55.74819994,273.8470913,522.7723185,180.8505791
AT5G20980,3.530355781,0.904542138,0.569214833,0.765413773,1.35640884,1.484205527,1.422711056,4.043520304,4.151074724,5.562154776,2.045294802,2.223449305,2.348182036,1.979488244,1.647313637,1.665010398,2.495587406,1.88698806,1.72089229,0.769604144,1.640434755,2.773674034,3.045296529,2.508572002,6.083586755,3.648144349,3.434257548,1.769163357,1.544267288,2.657948003,2.933703984,3.18620265,3.50882182,1.570471219,2.799213659,5.478337223
AT1G64660,5.206346777,10.4657809,23.530041,18.50890617,11.8995039,9.572596193,60.67533856,29.25262537,26.61529557,3.745264579,2.019574053,2.601787631,3.706689889,4.346120617,5.987424214,9.851318536,7.990558326,6.030035497,12.80953715,19.25337406,4.52599353,7.242117415,3.423005688,56.56971245,0.003057696,6.336148218,3.041012212,2.095298467,3.282936542,0.786526134,3.811534127,6.594732974,3.457266987,12.84939583,22.06097554,6.659833789
AT1G06290,18.58128687,19.63687448,17.0127474,12.26103698,5.50379471,7.052258744,10.72986769,60.67533856,42.23089418,16.99025416,8.034630549,8.571145001,10.83037893,11.35091325,11.72839613,10.94870363,25.56597404,14.51457064,10.20773103,11.78410717,8.290923441,14.09216385,13.82110468,11.20241222,10.14850484,12.14461517,10.85882414,7.738293752,22.79906401,15.70620121,11.95426113,9.59799462,10.97800313,16.09172577,15.61857494,9.101898221
AT3G51840,29.25863243,46.54683108,63.08949161,33.35917822,18.39596831,19.06305475,24.36969678,29.82198116,23.65756312,29.18968863,29.95884968,31.82006113,35.04664684,21.59873373,25.80415909,32.01501554,67.46012975,28.08385098,14.51363248,34.57616837,49.16853368,51.19252877,13.86112534,19.65083972,11.57839176,24.52823046,23.97951404,28.53757465,40.46694238,25.49011392,32.99014099,26.15597143,19.34003588,30.64471948,24.98978905,21.17299123
AT5G65110,15.80825147,23.530041,22.88647063,21.20148404,5.783850473,6.281438573,7.222575963,29.09253738,28.95080905,14.72883306,9.730458494,9.481837717,10.05967515,9.919333419,10.60430882,9.104585978,53.22191245,14.58649268,6.4295909,21.99211455,13.53316953,17.42634276,17.82907819,10.85882414,8.729896912,15.33105491,12.26472003,9.292625713,25.49011392,14.21554695,14.55338086,8.064140498,13.14669321,24.75691444,10.34304434,6.15400516
AT2G38050,6.932544563,4.010476831,4.288305144,3.124881264,4.316395401,3.477102363,11.05666344,6.601269371,6.881460783,4.966491664,5.018802982,5.050435858,6.717391123,5.219153454,4.817354466,5.70537835,5.572729254,7.910292188,3.698899358,3.39941241,5.906181372,5.753622634,6.593559969,5.734367796,3.005608111,2.941486071,6.281438573,4.144853988,7.280055132,6.165640691,5.872123086,5.90840121,5.832229013,10.90563977,8.783914061,6.659833789
AT3G13730,4.569314626,2.197060135,0.625192072,1.716855401,1.973803649,1.192989247,0.000275829,0.010862979,0.009091081,0.021850915,13.71441233,14.13715308,4.351152023,3.723177867,3.270263062,2.447961401,2.888723138,6.034777857,10.72849475,1.040417824,9.498552332,3.712238967,7.220321425,5.936038819,2.136583784,18.70024827,4.093845592,1.513599398,7.204463559,5.923166794,2.79802208,3.7166851,0.150721113,13.71192621,3.156234014,1.238782626
AT3G30180,9.784659183,5.286207077,15.26005736,6.672059627,4.518551872,5.11671731,5.42596948,3.733950914,2.637827975,8.391625068,3.692140801,4.053874658,5.062590693,9.774649409,13.65886918,9.099298479,1.961363403,2.72497448,4.539535848,7.697247914,8.340882812,0.527876809,0.003170517,3.993858891,8.008868705,0.003155023,2.601430573,6.72678117,6.235800622,4.773453888,8.583293173,4.083335577,2.421624254,11.24933949,16.68803341,11.49854109
AT3G50660,5.827392871,8.570815545,10.54608749,4.922277121,9.59799462,9.287514322,6.972010055,4.328019159,3.539184877,0.021850915,2.058034106,2.490798276,3.804856553,4.257833778,4.074080642,2.51704728,1.927028199,4.810506964,2.974591287,7.307203124,0.616125195,2.270731047,1.422711056,6.857323686,9.861439234,12.40559077,5.891792992,4.808626056,9.77736178,6.594732974,4.82368799,3.799950563,2.039435284,11.96166239,10.34304434,4.026724626
AT4G36380,8.837370972,1.917079853,8.926240974,4.598635223,6.398785626,4.339579033,3.136520208,6.929325887,5.211991908,0.021850915,4.464272724,4.055256108,1.026483528,1.093423456,1.563206333,4.314922632,2.37212875,9.850034922,4.003661115,6.852424908,10.09421649,3.743973101,2.225609234,7.479586303,4.778782283,4.39244386,2.897970524,15.37656931,11.36898673,7.399386771,2.099292882,2.192222386,4.697936918,13.90837424,7.090430587,3.768798343
AT5G05690,7.821574781,10.34141995,19.0454997,9.575337891,5.382457417,6.253192739,13.28827296,3.961654152,3.487811446,0.021850915,17.4544876,14.81365607,36.51624496,26.50145396,30.49024073,29.66099143,7.500117398,5.070919643,9.724055882,9.330786937,6.876449805,7.808754123,8.277174542,12.98253728,2.016244643,3.756079789,23.79044423,9.085558191,4.809491315,5.073261887,41.13778267,31.57146471,25.20527043,9.469153594,20.07269031,16.68885754
AT5G38970,2.840915857,0,0.000281434,0,2.44891952,3.49973619,0.000275829,0.010862979,0.009091081,0.021850915,0.00035847,0.001045535,0.001960344,0.001838323,0.001454287,0.371432459,0.001632319,0.893281558,2.151796825,0.464269485,0.00016449,0.00125356,0.003170517,0.000180568,0.003057696,0.003155023,0.857641008,0,4.041941408,1.663077581,0.000403471,0.051430851,0,3.481317433,8.597026821,3.490697209
AT1G66200,402.3599013,137.0771098,156.1789213,51.37260331,34.16226423,38.61854768,16.31830774,0.010862979,2.834509372,5.708519682,45.44487953,39.3016092,149.1889309,46.87939715,44.88108767,42.27662756,86.74043073,427.2301148,122.4118041,59.84317112,178.477327,268.3990504,3.198018644,25.57062511,4.286970243,13.93515755,92.96386247,22.24903023,1233.855806,675.6015359,47.80355066,125.7036776,69.66968121,111.7798728,5.908040537,1.734109799
AT3G17820,52.21903578,22.632512,24.2381197,15.61789417,29.69845203,27.85994459,19.29619858,40.87813314,36.80898254,8.14017834,37.37477251,31.93721231,13.4341964,6.107028311,7.099739741,12.49367014,47.80355066,27.53473119,22.24190044,28.21978581,39.64748999,38.5052802,35.46292421,72.01946396,168.2250849,522.7723185,6.107521834,8.294090331,23.38699543,30.10372998,11.66954626,6.143250036,2.268613686,39.00598662,85.86719743,79.24013084
AT5G16570,2.23394052,35.88228219,6.198250744,3.697941351,0.178943899,2.80023813,2.219520331,0.010862979,0.009091081,5.290492592,28.55157319,29.57467943,15.6454057,2.901561792,2.644211125,1.582610682,15.32496184,3.480566136,42.3188585,3.32196282,58.51390421,202.2009156,1.021344611,5.557979558,8.4425528,32.58251924,2.648549325,0.717811526,1.423286027,1.704108149,0.779580694,3.560008615,1.86882415,4.292725257,5.475171737,2.884082229
AT5G37600,104.3527796,298.0955459,369.7309768,60.05582165,53.2942653,45.60644249,22.21435399,33.5179653,57.38274641,6.116302715,28.42590257,24.66104041,97.83944754,54.53105052,61.01998084,25.20527043,240.3215529,54.67630539,52.35017678,167.0506691,180.4675037,324.957834,33.78326056,51.19252877,30.2914859,59.61489586,17.19825826,11.6474648,101.4905442,49.32068674,12.17635671,7.875407333,16.10459782,90.26142789,78.75531595,40.93437935
AT1G52340,6.487718076,5.422335293,6.476532934,5.449030926,5.284463088,8.345572612,15.53181084,5.444400031,5.112606861,0.021850915,5.662737988,5.487326761,6.455096479,7.242117415,8.045430698,7.591507381,3.833301979,7.548772531,8.414239108,4.6478611,6.721107896,8.001050948,9.148896781,6.67294643,9.480084159,7.167102675,7.327787378,6.542556176,5.650978472,7.493702157,5.654045426,10.19965741,7.397747661,4.038477681,7.837686822,5.929306091
AT1G67080,4.521091099,5.673660463,7.300561506,11.80629449,10.87382795,16.10848453,8.348663042,2.720222074,2.933130569,0.021850915,14.26442036,14.69659605,16.19021344,7.794063732,8.143721696,6.652389641,4.773453888,4.984044982,7.445190073,11.55146063,5.004962223,5.489843958,1.584129673,1.743161675,1.414750793,4.761575912,4.286223356,3.102983495,4.778410642,3.428117703,5.668429727,8.666368425,6.536067078,14.97256436,2.799213659,3.490697209
AT1G78390,0.05248509,1.901979722,1.114409873,0.500101458,0,0,5.717716889,4.839642496,8.44387635,0.021850915,0.00035847,0.001045535,0.001960344,0.001838323,0.001454287,0.000318224,0.001632319,0,0.00027548,0,1.140139032,0.562615775,0.003170517,0.000180568,0.003057696,0.003155023,0.002076151,0,0,0,0.000403471,0.004108854,3.970393614,2.063431517,3.156234014,0.685308387
AT2G27150,2.622813001,14.94287245,11.90463778,8.381885143,1.161657017,1.074501331,1.540203573,5.286798723,4.14748439,4.325894351,3.231460578,3.275070543,5.38308827,6.7158486,6.890112336,3.982473523,20.11507148,2.865146084,1.777180842,7.783029501,8.523230012,9.665753567,2.88712662,2.930222933,4.055785177,5.06882854,3.256024336,2.46283398,3.84384438,2.79549374,3.517789196,4.493509863,4.492539668,4.292725257,3.473608259,3.194052443
AT3G14440,4.813326509,16.99608315,11.53538487,13.52847223,3.497991776,0.133374815,0.000275829,3.042541955,2.531244257,0.021850915,0.00035847,0.001045535,2.350319594,15.20230222,3.445692322,2.04169597,61.1284616,0.362302571,3.77903223,12.84650654,12.35732209,7.435817944,0.003170517,0.000180568,0.003057696,0.003155023,7.55626179,1.287524891,1.401061579,0.802515209,2.567595794,6.141314774,13.18974303,13.3709276,1.377352849,0.067830869
AT3G24220,0,0,0.431241043,5.041153198,0.141113351,0,5.061101408,4.530353966,4.037248659,12.49788513,0.00035847,0.001045535,0.001960344,0.001838323,0.001454287,0.000318224,0.001632319,0,0.00027548,0.102374694,0.00016449,0.00125356,0.003170517,0.000180568,0.003057696,0.003155023,0.002076151,0,0,0,0.000403471,0,0,0,0,0
AT4G18350,0.053501091,7.484425725,7.615125324,6.278369671,0,0,0.000275829,3.207268204,3.396143635,9.043923871,0.00035847,0.001045535,0.001960344,0.001838323,0.001454287,0.000318224,9.919333419,0,0.00027548,3.45099096,0.978239613,0.00125356,0.003170517,0.000180568,1.270412358,0.003155023,0.002076151,0,0.293412966,0,0.000403471,0.003806185,0.010254297,0.020262441,0.0587917,0.067830869
AT1G55920,44.58585806,64.26650531,49.40386793,19.44543215,2.204655032,1.886467926,2.341559322,5.652326798,14.17905238,0.021850915,7.395878889,7.067079611,17.13867505,6.699825759,7.352202411,14.93662647,113.4673505,17.91494976,3.969038735,12.50629015,19.07188112,17.43018104,32.60261204,21.01143426,24.2095341,32.71612185,15.09980823,28.70873642,25.44377281,22.01421224,11.79277123,19.28333253,17.07859913,36.23003236,17.25144951,11.49854109
AT2G17640,2.835439049,8.667812469,9.500462029,7.835228071,5.070919643,5.078775206,3.71305642,12.66889063,10.79646214,5.925192233,9.370789508,8.918246736,8.946446736,5.03272365,5.830921285,7.788730701,5.917836496,5.908992341,8.937562928,5.890873667,9.096401406,6.664927478,10.20895057,5.78697244,10.60734423,15.63283731,5.603044226,5.317197047,4.933335588,3.356051539,4.530713596,7.363059248,3.540695888,3.481317433,2.799213659,2.884082229
AT3G13110,18.6574428,15.49009619,19.28333253,18.7819809,15.6254126,12.52218807,12.45598915,7.41768731,16.29735489,17.80479856,17.95814103,17.82256263,21.77112698,10.79179919,11.13371744,30.6756645,25.92433694,16.34960275,7.175291641,17.28366097,37.95600704,18.45575982,16.30789602,12.27034166,5.72192663,12.32265288,17.07016013,24.67641502,15.20847764,13.93515755,10.09500809,29.57467943,30.53986252,34.91272026,8.94435241,8.629902426
AT4G35640,0.101639863,0.293631168,0.000281434,0,0.125252979,0.976580793,0.000275829,0.010862979,0.009091081,0.021850915,0.673000372,0.001045535,0.001960344,0.763056123,0.88907969,0.524740913,3.139554011,0,1.209610014,0,0.394059331,0.00125356,0.003170517,0.359555276,1.748378196,1.389254828,2.115021044,0.690065878,0,0,0.000403471,2.466127392,2.331510817,0.952874437,0,0.411512861
AT5G56760,22.71477798,20.73951275,18.13946824,29.97611928,15.21954153,18.70251365,16.70536929,11.37746276,12.35806202,37.65827282,45.17125977,53.66382218,14.27458175,20.64994162,19.06305475,35.42935789,17.08813936,29.95884968,16.7368649,19.86890319,45.26572425,31.31627829,9.918429131,37.50826369,9.225717459,12.78712997,13.71356941,25.54938849,24.05070178,27.42001944,12.78518163,13.69456588,32.76329368,29.09938922,16.11003383,8.432584314
AT5G49810,20.54839073,10.3001708,9.366193773,8.795725049,5.473193989,7.095010102,5.637272617,4.815874179,4.269540233,6.051656963,9.596220232,9.908466823,10.46301467,7.205814324,8.244372495,8.480931497,7.230741841,12.67053861,10.55329604,8.986529999,6.327723042,8.571501137,3.756863308,5.74033412,4.549940487,7.357450369,6.676919402,6.597049866,18.12971816,14.13806731,5.785442084,10.37015759,8.20101455,25.14316212,22.23798067,10.34737806
AT3G29670,0.215974841,1.787225177,0.000281434,0,0,0,0.000275829,9.031518283,7.607566891,0.021850915,10.77641562,9.601163084,7.167641623,4.101616644,5.886672735,5.01781649,4.052927693,0.136545503,3.826175962,0,3.835945835,5.704684418,3.969038735,5.419823722,0.003057696,0.003155023,4.106667469,1.696587928,0,0,2.125289208,7.290337511,0.288821136,0.437070928,0.0587917,0
AT5G39050,9.451248054,32.48351904,34.98933115,29.18968863,3.472385797,3.146579624,0.903084529,24.96142538,42.26284481,0.021850915,1.542268182,1.867176476,6.43905028,12.01475602,13.00180362,4.347853608,49.75490353,2.553513018,1.951439367,25.09106607,17.73934433,39.84350607,4.973643295,6.504001749,0.003057696,6.234431564,4.149106466,4.929497284,4.564954549,3.441677928,4.767446024,4.077950411,25.91574367,11.57523066,5.475171737,1.734109799
AT3G44880,2.23023418,43.00383719,24.9504199,15.80055231,5.306606745,7.012415397,16.09548097,27.17337723,15.80235497,3.804445396,7.064928989,8.333066037,41.61022341,13.04737789,13.64773891,10.14752978,58.22460976,1.55770233,9.451908219,22.6939673,19.20029769,42.74514288,2.217520185,2.156930962,0.003057696,0.003155023,12.79154141,6.339638074,0.541774532,0.410073632,12.50280803,18.79836758,14.84450082,1.570471219,2.799213659,2.545674963
AT4G37000,2.986023562,9.234467153,7.424236799,7.099739741,8.476305706,11.29540707,23.97182138,9.305987683,8.526959024,0.021850915,11.0645557,11.98362063,17.91047401,16.10306061,14.72883306,12.48517809,10.37015759,3.52666923,14.46799583,8.482360111,11.94979748,19.18771095,5.726835774,4.262369741,4.066813746,6.971635325,16.87112187,9.120853634,3.41110927,2.870862524,10.55392333,12.18177584,9.493103471,3.481317433,1.377352849,1.238782626
AT5G13800,6.346881654,56.91125155,50.84384813,26.50513126,7.648488601,5.86816998,11.74027777,113.4673505,97.60646501,4.928471491,12.793597,13.59997288,67.87786871,15.68690298,16.38737023,13.90427167,122.1085413,6.487718076,9.120853634,28.27610074,34.57616837,57.38274641,9.476236572,8.907072251,7.409337026,10.55134254,9.497968964,7.229206741,8.038965212,5.211991908,11.13253822,16.08977318,22.10705585,8.581763373,3.473608259,2.884082229
AT2G39030,0,0.462970325,0.000281434,0,0,0,0.000275829,0.010862979,0.009091081,0.021850915,0.853924274,0.001045535,0.001960344,6.360343447,2.358642456,21.46622129,23.25642108,0,0.00027548,0.136865165,2.212992443,0.00125356,0.003170517,0.000180568,0.003057696,0.003155023,0.002076151,0,0,0,0.000403471,0.90772194,23.82987428,0,0,0
AT2G39800,14.85571562,11.98547636,15.56901923,13.71534704,13.5293079,13.75531231,2.61813563,2.092093398,0.009091081,7.219265661,5.883358161,7.785516887,6.714652994,11.28624406,10.95046124,10.96931186,8.537628226,8.597026821,30.92752334,50.22275289,3.253745794,5.670458539,3.468764605,14.11391984,4.068927176,3.173769349,8.333066037,12.17823786,4.536664064,9.281301396,5.490175857,113.4673505,61.1284616,20.25909723,31.67624119,30.66418136
AT3G30775,48.80642781,105.6883522,165.6233763,110.136411,102.5693239,66.41002448,134.8633942,112.375683,96.65511291,112.634275,21.4048048,18.05188926,6.028470466,3.313953711,3.268191051,3.256800158,33.93633756,44.88108767,19.81205398,91.0097783,38.67490371,23.12796369,6.388846761,53.53783272,1.925554153,15.96551252,11.14093476,18.7819809,63.43735689,44.56836515,18.40463046,4.086007996,7.835228071,14.41135836,31.11115013,22.24376252
AT4G08870,0.205925868,24.79737353,6.168199081,6.452313064,50.39311884,23.46639175,0.000275829,0.010862979,0.009091081,3.250077649,17.61775888,10.59831178,41.80791304,38.22891893,23.2007732,32.94602333,28.13249223,0,7.82261792,73.57524259,23.0467757,144.2252945,0.003170517,0.000180568,0.003057696,0.003155023,26.61692849,0,0,0,10.00524289,54.96832345,31.26844594,0,0,0
AT4G08900,7.114116949,8.245068742,7.303558876,5.744402366,3.259188487,4.52599353,4.924580981,21.13866003,19.24872894,9.142655954,7.792071083,7.880435414,10.36899519,5.711351062,5.418033716,6.09913065,11.89468696,7.410989375,4.979232715,5.111593709,8.004341466,11.11472424,8.672213508,5.219153454,4.276179161,4.462692223,7.276467857,6.118867845,6.867902,6.239294141,6.121298287,9.982960182,7.430826425,5.259482469,5.475171737,5.708952612
AT5G38710,3.123730857,32.60261204,12.14461517,10.8810085,0.274682294,0.193817233,2.803937557,0.010862979,2.189912897,0.021850915,6.334967962,4.571117507,5.289290789,6.152011199,2.9711369,4.217419411,39.60899379,4.582038998,11.36860943,6.348926812,13.04200603,22.24903023,0.003170517,0.872999009,0.003057696,0.003155023,1.286984689,0.239381492,5.877232552,5.146434887,0.000403471,1.498494718,15.04687369,2.489375461,0.387653517,0.162035152
AT1G01710,8.398590223,11.23331338,13.19231889,9.837721713,9.234467153,9.448290608,3.705567178,14.81365607,11.79405368,10.59741867,10.151213,9.978247679,11.79725315,8.94186922,10.51291756,10.29216246,15.04534644,7.74623281,8.097090723,9.841717663,12.61175964,13.99690181,8.91111679,8.844289584,5.386133134,8.239850731,9.302013375,8.181367406,9.409506852,7.017020951,9.724924137,10.76984567,11.3004393,10.37084987,6.487076205,6.433358457
AT1G55020,18.86314225,16.90555127,30.2914859,10.46944926,23.97951404,9.803462853,3.254996382,16.30586775,14.48336832,5.572729254,2.836051628,2.129488918,3.251927909,4.142689417,4.080109443,3.238141572,9.414096778,26.32329195,2.349657486,25.65769445,105.6883522,48.94371535,4.240306842,9.4493476,8.289415736,5.276226941,1.778593881,9.917898594,18.6574428,26.55032532,2.145390545,6.055174026,0.184940925,19.22531405,1.927265861,3.768798343
AT3G22400,4.013582151,0.823472985,3.18620265,3.4346592,1.970860812,2.483248993,4.575044498,0.010862979,0.009091081,3.967282129,3.694665689,5.270453309,1.57400254,1.430951038,2.449410064,7.225379856,1.426950928,4.26833475,5.747416525,0.77087538,2.491767009,0.920691951,0.003170517,2.036512522,0.003057696,0.003155023,1.69571543,1.735200658,6.700779895,4.530353966,1.252224541,1.395709024,0.133108011,5.89499759,6.114144503,1.734109799
AT1G22940,2.482899497,4.275421193,4.089862236,3.007513871,3.005608111,4.736718934,4.969095494,6.471911019,5.65320678,0.021850915,4.697420642,5.070397293,7.627324178,5.685249372,5.950470557,4.60803185,4.605200257,3.130121331,4.591656306,3.260760532,3.805704273,5.221372002,4.292924987,3.84384438,3.270263062,4.108018238,6.317545384,4.089546857,2.309668067,2.929770758,6.652389641,8.338217196,7.643698394,3.765948016,4.543930876,5.478337223
AT1G02880,11.96238165,15.26440751,21.41394172,11.56787087,14.76006898,8.741613191,6.703117171,18.66118358,16.13739086,3.964910437,5.735594554,6.038440323,13.20010918,11.19426729,9.908466823,8.621718979,14.75303205,12.35557556,12.31830732,9.640677808,16.28830526,14.75653629,7.394137051,8.245564749,5.925605021,7.420934507,7.076126558,8.242962218,20.76268061,14.00565303,5.426235581,5.493561579,7.290337511,18.35284775,9.99509274,5.011925065
AT2G44750,3.285501518,6.398277488,9.274272018,9.305987683,5.204360759,3.775770899,4.391070859,7.880082855,6.143895519,17.28516583,7.430826425,7.808754123,7.422546714,5.021609267,5.219933607,4.584726361,8.149440982,5.045689137,5.509515822,4.590486714,7.404678366,7.363059248,10.86913258,5.240355396,6.120635593,5.080272724,6.462349416,6.142702042,3.9583862,4.912389943,6.862880263,6.04145822,5.267173347,4.038477681,4.035496433,7.359316782
AT4G29530,2.014772874,2.817727549,3.420391147,3.480106246,1.908005133,2.607894231,1.588908904,0.010862979,0.009091081,8.796942223,2.731906783,3.198451925,3.749214892,3.238525626,2.886157806,2.26461318,3.402623334,2.505424316,2.553513018,1.718747881,2.197581445,2.70975125,3.269530645,2.702450313,3.140375206,2.780134105,2.660991778,2.045759008,2.9292681,2.843030648,2.81594537,2.229407786,2.03114803,4.038477681,4.291468239,4.026724626
AT3G12500,19.92977888,5.289823216,3.356051539,2.788060759,0.140040161,0.429210304,1.041213114,0.010862979,0.009091081,3.966149389,0.535874616,0.844495948,0.001960344,0.001838323,0.001454287,3.148904171,12.49788513,38.04026044,0.877982258,2.533326209,1.754091185,1.283099134,71.11446672,43.46543824,8.614005908,36.1500722,0.002076151,3.521195175,19.06716817,17.97989626,0.000403471,0.786526134,0.11417412,22.38302654,1.377352849,0.411512861
AT2G29630,0.455852646,7.121479585,6.592666435,6.441699518,11.97267859,17.73934433,13.14669321,2.347876138,2.928471915,3.963690983,53.66382218,67.46012975,134.8633942,63.67338569,95.37569479,64.94916867,73.42282232,2.479701144,32.58251924,13.18137146,26.4694381,44.38165318,1.925554153,0.456143625,1.157184718,2.487522704,33.5179653,13.76708343,0.718397541,0.970479691,29.43244464,102.1310919,81.37180546,1.570471219,0.820385807,1.734109799
AT1G17170,99.3929329,19.37478102,8.604234741,7.648488601,1.532217767,0.404302128,5.824265024,4.025645594,9.864344115,0.021850915,1.225656888,1.101100771,4.525521468,0.765954171,0.001454287,0.000318224,19.75543926,37.2645426,1.584571911,5.08143686,9.054316053,13.53683693,8.436065773,10.05440517,16.89708591,8.411031632,0.881883481,6.259348397,110.8637817,40.00796051,1.168003495,0.952874437,7.398696379,100.0048077,32.58251924,13.14783191
AT1G17190,50.06864714,3.422145325,11.05030135,7.649149814,6.69218123,4.081115077,12.77810944,7.595835445,6.977136546,0.021850915,0.595135617,0.546183317,1.648876591,0.734523056,1.394593485,0.000318224,0.001632319,38.15105424,1.207812673,7.815700823,0.00016449,2.025428713,0.003170517,42.58295232,4.518120216,0.003155023,5.736081363,3.538415047,107.2201387,39.46682363,4.476767669,1.09303385,0,54.16101933,53.66382218,23.95647979
AT1G78380,727.8376169,304.953261,41.61022341,33.98915551,52.35017678,49.20209118,54.62780625,99.90441158,133.2388521,7.415201938,102.3530199,82.91189723,108.6214518,68.25097963,74.45693588,76.88583015,434.6284005,248.4032816,35.82165574,70.93344896,177.4126715,290.7232669,64.78994231,86.07748062,35.65176457,20.11334798,108.3282392,268.3990504,460.1071229,369.7309768,85.58337133,59.29902081,84.73197036,307.4152067,375.7981918,109.5034927
AT2G29450,23.97182138,357.1393857,183.0747261,102.5693239,56.30795294,38.13082604,52.64373757,45.68272814,69.90603273,4.991359336,40.26081226,73.31091171,48.87008771,134.4629963,103.7724621,99.3929329,190.4926943,6.117214081,31.06768363,218.0109533,204.4790098,274.9335419,21.74665284,114.0138097,9.806563577,26.33652971,41.83854689,14.17483708,10.78060503,6.249769063,20.25293361,74.45693588,468.9563989,26.62699768,8.026220746,1.734109799
AT2G47730,294.3633943,58.57054049,38.89698433,29.17827576,53.86140733,24.22484099,51.32081832,6.08764531,9.477982638,15.64266781,16.51742197,16.98841825,30.20012328,95.00027845,83.86901406,73.93468137,42.26284481,99.3929329,17.64412608,21.88439938,101.7915712,46.07188786,21.4612135,41.98017711,55.78779528,114.5050528,67.05922577,49.94577936,222.8701127,121.7035481,41.59343409,36.38435275,230.0830159,294.3633943,110.136411,33.02054662
AT4G02520,16.51742197,8.477585411,1.272578025,0.166158453,3.275070543,0,1.881363219,90.39547281,88.84233884,3.403081996,31.93721231,23.28110242,111.7798728,168.7495506,167.0506691,213.5593457,21.59873373,256.0274809,0.00027548,2.377099951,3.605985588,2.340406291,62.80723413,59.48417136,85.81310918,1903.800003,34.78182912,106.3965615,52.21903578,78.00699911,46.17610728,27.75401159,16.64182399,13.90837424,1.377352849,0.797371044
AT1G65520,7.353571427,5.994123522,5.000165871,5.449396813,3.16000581,3.744424356,6.1170044,7.835228071,10.4190038,9.088966027,5.791456723,5.257122321,5.275819664,6.670530158,4.822772782,3.808786898,7.798642945,7.621416445,4.357218427,3.123564286,7.550181906,7.400294041,6.235288521,5.230543765,4.293689706,3.84257405,4.819992139,5.283373334,9.7192064,7.284601393,3.741757529,4.057803351,4.03307794,13.90837424,6.487076205,4.277215559
AT4G14430,10.86578399,10.86578399,12.27452679,17.98545868,7.290337511,8.219917992,24.99637169,21.19388871,34.16226423,21.76006305,10.35961018,10.15035953,9.864344115,10.88210143,10.54608749,9.087635479,18.65140778,10.77909037,4.756963558,11.14723714,15.63550157,19.7020648,11.12165572,11.9575941,5.86816998,7.085847776,11.04843541,9.674476491,12.66668018,10.42877676,10.2046685,11.66209278,16.28830526,12.32474616,9.653384821,7.814198548
AT4G14440,17.47267126,3.420965146,2.868318687,3.195537584,11.24451258,21.9977212,19.91903464,0.010862979,1.761433422,0.021850915,3.268191051,3.786869975,3.691776936,20.80850148,18.22167677,10.06118889,1.518749024,8.847365804,11.38284831,7.50401868,8.063931151,3.422649919,6.97363945,7.345653585,4.279422376,1.078521375,12.17635671,15.62686739,8.715953644,8.619177136,12.79797432,15.89566078,0.190755311,5.89499759,0,0
AT5G43280,8.787293037,8.278839742,8.804348342,6.846727864,5.000562848,8.898167015,11.71601719,8.591048334,7.842027647,0.021850915,7.410312143,6.917406874,8.434509823,7.737298292,8.430177108,8.94186922,11.78287406,7.736592245,5.565242251,6.841705118,8.44387635,10.29216246,4.504619826,5.71420265,5.917836496,8.1409347,6.726050714,7.222238108,9.907480196,7.812656273,6.389859905,6.65439689,4.021464516,8.581763373,11.31997105,5.247177628
AT1G01290,3.420391147,5.56663234,5.244333707,4.552106929,5.927385939,6.029088237,5.704684418,4.341047644,4.33542116,6.488411602,7.608237854,7.789189433,8.026220746,5.003450541,5.890873667,6.326821168,5.91276387,5.495544965,6.939395445,5.020393017,6.828730606,5.689863743,9.183751022,8.986529999,5.015860021,7.071397788,5.917836496,6.254094023,4.768420202,5.41731434,5.931282421,5.743622807,3.838114179,3.179453056,4.543930876,6.433358457
AT1G08490,5.833214747,7.497786354,6.552862965,5.655929501,4.549940487,7.607566891,5.053735162,11.48549428,10.29895638,5.667102041,5.705760238,6.553822909,8.726334723,7.812129756,8.240577666,5.929900355,6.436397379,3.830244291,6.637717873,5.932646296,6.102862844,6.848932795,5.520332959,3.685899493,7.432741423,7.165313061,8.242303853,4.324396589,3.919459131,3.391456898,7.795909783,11.34999811,11.14093476,7.421723771,7.475692178,7.359316782
AT2G31955,6.829649565,13.75632823,12.67752515,8.851050621,4.686149952,3.517571634,5.894253651,13.69075547,18.70251365,0.021850915,6.561205239,6.873068307,10.29293304,9.490564917,8.525664465,6.643302172,12.6279075,6.477738974,3.56653516,7.408605812,9.688397554,9.498552332,6.860007429,8.434509823,7.225379856,14.77750615,6.549337663,6.399111766,6.641008701,6.311004559,6.132688268,5.876563829,6.930564801,9.469153594,7.837686822,5.708952612
AT5G20990,11.78543997,7.741059228,8.744438053,6.118269044,6.099686606,5.74033412,3.962360287,9.970182013,7.813728847,7.751469073,8.099966963,8.18247502,8.399203805,10.69397539,11.53883721,11.44917864,9.596220232,14.61003221,7.283988791,5.26254473,7.303558876,7.557351419,7.859133083,11.66591471,10.00617081,10.77641562,12.60245169,11.64201344,17.27190525,15.49407088,11.88380476,9.051283739,9.302013375,15.15922857,10.16361977,9.492176958
AT5G65720,23.20384925,18.63153787,17.33060943,12.31400601,15.5994802,18.2111871,9.228720954,24.16247957,73.72044746,5.931282421,20.92167468,19.47158164,17.97582125,10.9554468,11.37996522,14.93774498,22.00441423,20.73461447,14.1115166,17.95397913,22.97237891,20.60904897,32.44213718,17.63251746,29.11469487,10.72028151,14.56522358,18.19614253,19.48444778,25.20527043,15.64093159,27.00321752,17.96626162,13.54241427,14.10650615,25.38562119
AT2G43760,9.101046442,8.799581711,9.311078356,6.969600154,10.00788858,14.7454084,13.05199685,24.9504199,20.4302278,4.304395537,14.10720769,12.13630923,11.75020844,13.20183818,13.15699912,11.67704482,9.843035914,16.30789602,8.435400549,9.653384821,19.6845529,12.53247446,9.415074136,12.80953715,7.783681431,14.2108805,11.37024144,15.85701108,13.10745688,15.464,14.41582899,7.753873568,5.511417049,11.10809,17.97785875,12.71076646
AT3G63520,19.93320918,48.00335611,32.94602333,23.65756312,25.0078607,21.07078047,20.35212842,28.21978581,22.87015745,8.103302357,40.53539108,49.10334278,69.35739686,47.80355066,62.55286308,43.87834992,42.01074229,16.88015732,46.81811626,27.36168429,38.37078175,59.22584061,10.70605579,14.10580461,7.624141829,15.11474831,51.32081832,26.09804817,27.09103906,19.00169931,52.07224969,82.30950222,65.98686489,25.71110151,10.98176075,10.53865615
AT3G15820,13.51168043,4.731698594,7.242623169,6.050147722,9.455784062,10.78730874,35.93280944,0.010862979,0.009091081,0.021850915,5.568382866,5.496262365,5.718681309,6.912224874,6.35934102,5.938631408,6.688867643,11.53697463,8.284954132,6.033758802,6.871651649,3.98803116,4.506578884,7.535741598,1.164704941,2.223449305,6.095563846,10.29293304,8.706004205,9.795495233,8.205351473,9.289872021,5.690622645,5.682433448,10.98176075,13.14783191
AT2G04540,4.577937306,2.310163227,3.604710246,2.47798761,4.254281206,3.280984482,3.858459563,6.828730606,5.301186472,4.831634614,4.004594711,4.296870042,4.584478371,3.973990762,4.359955531,4.072983727,3.785322307,4.393091865,3.8203682,3.175213244,2.694199088,2.312192276,5.212450268,6.82600038,6.264791874,5.488402098,5.520332959,4.556831334,3.834757804,4.551938177,6.707283723,5.034093977,5.822416778,6.104842703,6.487076205,10.90248227
AT3G51240,78.80675571,4.806097617,6.667280718,4.589517212,35.58888144,68.43243161,39.60899379,8.287595837,6.630778757,3.954958298,1.430951038,0.808222821,1.214371202,3.397045373,1.939274919,1.72001297,16.0573222,9.839141658,11.50175586,13.81325969,2.317799152,4.262946285,3.41467672,1.338288682,0.003057696,0.003155023,8.01857091,3.823320328,21.13737285,17.6505632,5.044523508,18.19370826,11.23396118,1.570471219,3.156234014,0.797371044
AT5G08640,58.91480016,0.813644062,6.235288521,4.319885335,18.34236302,28.40967233,28.72025683,0.010862979,0.009091081,0.021850915,0.00035847,0.001045535,0.808222821,2.859308213,2.270731047,0.834615371,1.408975938,7.091080604,13.37878276,14.9411001,0.81967736,2.140866094,0.003170517,1.195167031,3.048931779,1.009787022,9.085293078,0.428384269,26.51823978,21.46622129,6.317192421,1.733151382,0.839629937,59.29902081,51.86616744,5.011925065
AT1G23740,1.962677207,9.512069124,7.127191422,6.889577698,9.230807817,22.70666212,10.33636189,7.161106376,6.35770718,3.171542809,17.09514374,19.97779137,27.21842238,22.814426,16.64901319,16.01630299,10.8288178,0.211346966,43.07385794,11.35880386,9.804749304,25.15572465,0.003170517,0.000180568,1.354801562,1.031756369,60.19359686,12.53542748,0.697437339,0.308009835,28.79065107,84.73197036,54.78848641,2.063431517,0.176398388,0.542755523
AT1G54870,0.481210667,0,0.000281434,2.997602818,0,0,1.724321766,891.4399442,1233.855806,11.05150701,0.00035847,0.001045535,0.001960344,0.001838323,0.001454287,0.000318224,0.001632319,0,0.00027548,0,0.00016449,0.00125356,0.003170517,0.000180568,0.003057696,0.003155023,0.002076151,0,0,0,0.000403471,0,0,0.020262441,1.927265861,0.162035152
AT2G37770,2.411719299,143.3934826,9.148896781,11.18736448,2.277878353,0.833607463,2.254987006,5.003450541,4.245493388,5.212450268,2.050472767,2.72497448,7.013212519,2.217194003,0.001454287,0.000318224,17.95397913,0,10.00788858,29.11469487,56.78646722,181.7224326,0.003170517,0.607853017,1.190028373,0.003155023,1.785316953,0,0.212135571,0,0.620741932,3.174702616,1.016451223,0.091509188,1.927265861,0.542755523
AT3G04000,0.057562308,11.73936179,3.08555988,0.973777644,2.241276913,2.514415697,1.019533655,16.72505069,12.63019156,0.021850915,1.031756369,1.216484231,2.723621357,1.808245583,2.062268686,2.151796825,9.95530594,0.122189845,0.331969925,4.508149523,10.72310071,15.46916941,2.21092592,3.102004076,0.003057696,5.260828595,1.739476438,0,0,0,1.933908003,2.413340035,1.492197972,0.205925868,0.0587917,0
AT1G06490,0.155428469,0,0.377731331,0,0.19500596,0.617148998,1.253609971,0.010862979,0.009091081,0.021850915,3.116101306,3.113798706,0.001960344,0.001838323,0.913478348,1.905743796,0.001632319,1.950521338,2.216755941,0,0.00016449,0.00125356,0.003170517,0.500964843,3.265182066,1.267479321,0.002076151,0.676993063,1.166473086,1.852173952,0.469737953,0.677595345,0.016340841,2.063431517,1.377352849,1.734109799
AT1G04580,0.003332804,6.669812496,4.481895449,0.93955747,0.739803007,0.896720878,6.65939545,0.010862979,0.009091081,0.021850915,0.00035847,0.001045535,0.001960344,0.001838323,0.001454287,0.000318224,4.019073377,0,2.698810374,1.283099134,134.4629963,53.1330935,0.003170517,0.596463309,0.003057696,0.003155023,0.002076151,0,0,0,0.000403471,0.020708568,0.551571214,0,0.023088718,0.162035152
AT1G65880,0,0,0.000281434,0,0,0,16.12250797,0.010862979,0.009091081,0.021850915,0.00035847,0.001045535,0.001960344,0.001838323,0.001454287,0.448001786,0.001632319,0,0.00027548,0,0.00016449,0.00125356,0.003170517,0.000180568,0.003057696,0.003155023,0.002076151,0,0,0,0.000403471,0.010285987,0,0,0,0
AT2G05830,9.790706212,8.7053838,8.623032339,6.90746191,11.89256832,13.35366718,9.483102311,12.67213557,11.11343558,0.021850915,13.50441312,12.37398744,22.07976913,10.37229328,11.65516672,12.44129535,12.43462364,14.59029749,11.4713929,9.410707646,13.37662371,12.78712997,11.98362063,11.56313774,13.75632823,19.79728362,12.35292928,11.72723375,17.80479856,12.95940735,11.95039895,11.0559186,8.431688997,11.74814539,10.86812728,10.15450652
AT5G53850,9.998854255,13.19586339,14.92468568,10.51356422,11.41247397,10.4190038,6.915138907,12.36614978,8.584350507,0.021850915,17.09325334,17.78751592,23.27843515,14.57775976,16.40025066,16.83238995,14.58393394,14.87859414,15.9086382,10.8903913,12.43787436,13.82350874,8.798998224,14.56007087,19.97779137,14.12561578,21.63413036,13.33550117,16.5391448,13.98827642,19.74468871,17.25144951,14.81365607,10.54928345,8.214802745,13.34903029
AT1G49820,11.79097847,10.27776365,9.18890113,7.794741542,7.433077554,8.345051342,10.79520688,6.896388794,6.157653899,3.852283197,12.53247446,10.64926264,12.12028534,8.341943621,8.663285933,9.047119995,9.605065441,10.2976228,7.171932824,7.874514016,8.436868911,9.469512851,10.36612015,10.54115314,10.73902015,11.14647129,7.490572588,8.000286174,21.07511671,12.50811103,6.551391292,6.867902,4.798776967,9.642284196,10.51821982,12.17291996
AT1G03980,1.603288791,0,0.000281434,0,0.125149207,0,0.000275829,0.010862979,0.009091081,0.021850915,0.00035847,0.001045535,0.001960344,0.001838323,0.001454287,0.000318224,0.001632319,0.184236857,0.00027548,0,0.00016449,0.00125356,2.427632673,1.419549372,4.510948975,1.122845841,0.002076151,0,0.867472753,0.442126365,0.000403471,0.009368748,4.398670055,2.063431517,1.377352849,2.884082229
AT1G01280,0,0,0.000281434,0,0,0,0.000275829,0.010862979,0.009091081,0.021850915,0.00035847,0.001045535,0.001960344,0.001838323,0.001454287,0.000318224,0.001632319,0,0.00027548,0,0.00016449,0.00125356,0.003170517,0.000180568,0.003057696,0.003155023,0.002076151,0,0,0,0.000403471,0,0.019563749,0,0,0
AT1G68540,1.172026195,2.374416415,1.134045202,0.962257289,2.483248993,4.061621807,15.60628543,0.010862979,0.009091081,4.916426891,4.553416361,5.416171474,4.830568208,3.223846131,3.137409659,2.990487766,2.558850855,2.032418414,4.751661431,3.533718066,1.508680849,3.213510378,1.153870098,0.290030533,1.111312643,0.003155023,3.544650593,2.128739749,1.715982905,1.17319509,3.219090462,4.072563986,3.171542809,3.179453056,1.927265861,1.238782626
AT1G69500,0,0.360547207,3.810742128,2.370344246,0.156079819,0,0.000275829,0.010862979,0.009091081,0.021850915,0.00035847,0.001045535,0.001960344,0.001838323,0.001454287,0.000318224,0.001632319,0,5.038899706,0.488305076,0.00016449,0.00125356,0.003170517,0.000180568,0.003057696,0.003155023,0.002076151,0,0,0,0.000403471,0,0,0.01005785,0,0
AT4G35420,8.48649233,1.035987546,3.260080498,1.406584171,5.57157888,4.357218427,4.302009721,4.681704162,2.274570137,0.021850915,3.70820715,3.963036355,4.577636253,4.231550242,5.053735162,5.033302347,1.16010021,5.494019989,4.066038661,2.999523231,2.928930802,1.750256866,1.358505784,1.502478023,1.399415014,2.842298908,3.535220001,6.233639676,8.709716335,5.878590087,4.543231337,3.968166791,3.209874026,5.036185249,0.820385807,1.734109799
AT1G10760,5.271818007,12.86578294,4.339960845,5.320790656,11.89066919,10.60655815,4.34334373,3.527276391,3.201835622,9.919333419,15.80055231,18.02912741,34.69863684,31.91488199,58.51390421,19.52106777,32.18094081,4.845342008,21.35729445,13.14939496,20.4177292,31.35876162,2.127403008,14.87284469,5.864087846,15.05106865,23.52020008,8.204090012,4.024788863,6.10622874,25.92433694,9.665753567,11.49854109,3.765948016,5.475171737,10.34737806
AT3G52180,1.930977663,10.54232212,2.553094788,4.731201922,15.61279029,21.01143426,14.77165924,6.04145822,4.813803652,10.34472883,14.58649268,18.70024827,63.73792029,19.19524234,29.17827576,16.07142749,45.12553047,3.03958313,29.78706969,9.877630655,23.13192533,57.10582439,3.393894827,13.15571345,3.133100744,6.881095617,17.58752511,15.33105491,1.41167837,3.275730783,14.41748257,5.889403554,7.990558326,0.952874437,1.927265861,5.011925065
AT4G09020,5.481569891,9.739275671,9.288767768,7.059241328,11.57439177,10.46746203,8.234398363,5.914802272,4.652044937,2.880941401,11.85123157,12.5306548,25.56597404,10.18616066,17.0665494,10.38147952,24.90241595,5.519358743,16.23158325,10.2882655,13.75395555,18.88235672,5.066721183,12.49139595,5.452774817,7.013525161,7.049702123,7.840653254,3.817511854,5.867191775,6.855180081,1.841272618,1.807764265,3.179453056,6.684275604,14.56297882
AT4G17090,0.059337766,101.4905442,17.23589713,7.949575563,72.15764148,18.62504133,9.596220232,0.010862979,2.930222933,0.021850915,53.88963486,70.38460453,120.790392,111.1470675,116.2607745,68.72663108,91.0097783,0.129659638,113.4673505,26.15597143,110.4199334,315.8565073,0.003170517,1.136302245,0.003057696,0.003155023,99.7430054,15.8184115,0,0,39.46016302,248.4032816,159.3381095,0.01005785,0.0587917,0.067830869
AT5G26570,3.444436251,10.4665407,6.13358679,4.68392221,9.601163084,11.46109196,7.304280886,9.37229049,7.649463021,4.01103584,12.8896184,14.9411001,23.43390793,14.34684838,24.80932233,12.32474616,16.99830559,4.681704162,14.92468568,11.36036866,11.18103498,22.79906401,5.448069773,10.97643305,0.003057696,0.003155023,14.93774498,8.199911225,3.003311731,4.465220381,15.63283731,10.89356515,13.15571345,2.850950429,3.156234014,6.15400516
AT5G64860,3.188343884,3.043792849,2.098355953,1.784013593,8.237711248,10.53456665,7.245435881,3.43332396,2.648549325,4.762957112,6.500712577,7.11762249,12.87261694,9.917898594,12.44038858,10.17646465,7.085847776,4.315769659,7.295268246,6.71107705,4.823213684,8.287595837,3.156013504,8.026785256,4.043520304,6.08666306,11.07126688,6.649294436,2.698810374,4.340553643,11.14971839,3.352629615,4.514028778,2.063431517,5.009944989,8.629902426
AT1G58370,1.233073341,0.411512861,1.176234944,0.489742335,0.238687376,3.118477511,0.000275829,0.010862979,0.009091081,0.021850915,13.53316953,18.70346002,2.838501502,0.001838323,1.121860827,3.52591178,0.001632319,4.797131272,12.96651718,0.141454592,3.850042195,0.90645652,0.003170517,0.000180568,0.003057696,0.003155023,2.610661784,2.520385759,9.672150089,5.484156561,2.999523231,1.277481873,0.021177635,4.804450277,0.820385807,0.162035152
AT1G68560,23.26765148,5.707990456,7.06734915,4.964665365,25.49218387,21.34079529,6.276983048,3.040664042,2.631325645,0.021850915,6.850889679,5.992704071,10.7839698,22.52894882,32.3872783,28.34887206,7.057065021,18.22409878,5.512649313,22.53724886,3.126762172,6.240074134,3.125251501,12.17703376,8.099247142,1.867944038,19.87368436,33.6846204,10.18350901,25.15849096,36.95201549,19.75543926,8.334877848,3.765948016,20.71921199,44.31928127
AT3G10740,10.33636189,21.32898496,102.1310919,17.24388611,6.270327301,10.35214758,12.60707231,22.87434631,14.41135836,8.012345449,52.88098848,70.93344896,13.92498094,8.195366971,9.998231858,17.63570529,7.859617005,23.602342,17.89983629,48.87008771,37.36265584,28.55934329,6.596323295,7.299561021,3.774261827,13.21240144,13.16266741,12.53839591,35.9695356,16.10848453,16.1466057,9.992608583,5.56715124,28.55157319,7.282510706,6.659833789
AT3G14050,8.66598335,47.45396091,42.5917713,18.66118358,6.878151678,3.235937401,8.574593655,37.60990879,14.74872877,3.922796851,6.697463793,6.675421841,11.24106498,27.7064312,14.74872877,16.13170437,107.0609633,10.33964033,6.898232489,17.46977755,28.70300744,17.69733839,3.719534996,8.746190293,4.225700895,12.68731992,10.35476822,7.210248934,13.56198922,6.665409058,6.449291827,5.949669557,62.24642341,9.797764238,5.009944989,2.884082229
AT5G64570,10.01308882,52.28992045,88.84233884,35.93280944,38.5430401,21.43098776,27.7064312,0.010862979,0.009091081,0.021850915,21.14106193,23.81995301,16.47438878,5.284463088,6.906966622,26.16099911,17.6220085,10.59891488,26.79616069,55.5639632,8.323597524,11.55815453,0.003170517,3.402623334,2.780134105,0.003155023,5.692939306,12.70558614,10.27486041,8.097090723,38.21970235,10.34671423,3.458965713,8.01572457,5.009944989,3.768798343
AT5G04660,0.118144856,0,0.000281434,0,7.738293752,5.878251705,13.59102199,0.010862979,0.009091081,0.021850915,0.00035847,0.001045535,0.917243987,0.719233262,0.498645424,0.000318224,0.001632319,0,0.00027548,6.545063668,0.00016449,1.430951038,0.003170517,0.000180568,0.003057696,0.003155023,1.613574644,0,0,0,0.989475455,2.613442565,2.273189576,0,0,0
AT3G06350,21.0805687,9.051283739,8.991568762,12.45119523,10.94243936,12.77644981,11.24898264,4.767792053,4.487061652,20.73461447,29.62810647,30.86853419,11.38170788,9.983638951,10.38317309,12.28307289,8.791485968,16.54612637,16.34960275,10.60834204,15.65238581,18.36513918,16.4575514,17.30002495,10.70605579,22.54651169,13.53869858,11.31405451,18.8175672,16.81127764,13.64587927,10.82964125,11.19549069,28.04961009,15.0571221,17.43747604
AT1G49530,1.559575147,2.234750931,4.764438341,4.226129316,2.981737009,1.246880134,0.876600374,3.150574775,4.283759943,0.021850915,2.808244012,3.211853551,2.521705782,1.509441427,2.038455802,7.555155584,2.128309463,1.383435219,1.763692662,1.860522941,4.255064511,1.950521338,2.045759008,8.034630549,1.098094141,1.907693578,1.744282909,1.722930183,0.58491644,0.598466309,1.921736586,2.549654239,2.557043285,2.063431517,1.377352849,1.734109799
AT2G18640,0.416003197,0,0.000281434,0,0,0,1.855540102,0.010862979,0.009091081,0.021850915,0.00035847,0.001045535,0.001960344,0.001838323,0.001454287,0.000318224,0.001632319,0,0.00027548,0,0.00016449,0.00125356,0.003170517,0.000180568,0.003057696,0.003155023,0.002076151,0,1.128476154,0.120601785,0.000403471,0,0,2.850950429,1.377352849,0.067830869
AT2G23800,0,0,0.543685309,2.370795373,0,0,5.082528701,0.010862979,0.009091081,0.021850915,0.00035847,0.001045535,0.001960344,0.001838323,0.001454287,0.000318224,0.001632319,0,0.00027548,0.450928653,4.238054601,0.00125356,0.003170517,0.000180568,0.003057696,0.003155023,0.002076151,0,0,0,0.000403471,0,1.409410686,0,0,0
AT3G14550,1.425207412,0,0.000281434,0.398471639,1.323533746,5.252136468,0.000275829,2.508042322,1.861506379,5.254644012,0.801619958,0.805655597,0.001960344,0.001838323,0.001454287,0.665744184,0.001632319,1.753109075,0.00027548,0.208905367,0.394982459,0.00125356,1.355401531,1.119526434,0.003057696,0.003155023,0.002076151,0.420611599,0.548315612,3.170258181,1.24965391,0.461107768,0.062239467,0.127306443,1.927265861,4.026724626
AT3G29430,0.056703409,0,0.000281434,0,0,0,0.000275829,0.010862979,0.009091081,0.021850915,0.00035847,0.001045535,0.001960344,0.001838323,0.001454287,0.000318224,0.001632319,4.012387837,0.00027548,0,0.00016449,0.00125356,0.003170517,0.000180568,0.003057696,0.003155023,0.002076151,0,0.674433364,1.174778573,0.000403471,0,0,0,0.244343659,1.734109799
AT3G32040,2.042570569,0,0.000281434,0,0,0,0.000275829,0.010862979,0.009091081,0.021850915,0.00035847,0.001045535,0.001960344,0.001838323,0.001454287,0.000318224,0.001632319,3.719534996,0.00027548,0,0.00016449,0.00125356,6.833375768,0.000180568,0.003057696,0.003155023,0.002076151,0,3.841038852,2.147245546,0.000403471,0,0,1.570471219,0.0587917,0
AT4G36810,6.269218424,9.118822548,6.900333222,6.156977976,13.64200559,22.72651315,12.61010281,0.010862979,2.229407786,3.842064181,14.10580461,14.77750615,19.24872894,15.81060847,16.52778715,13.06284578,7.861616822,5.268072191,12.44038858,12.18448931,9.372900366,14.46706954,5.868517557,4.574312084,3.257220363,4.773045344,12.22848969,9.910928173,4.733166962,5.244951742,12.69319038,16.7151268,11.44917864,0,0,0
AT5G48930,36.53219558,15.46333264,8.807061,10.1785372,8.484817013,19.81205398,37.51950436,11.05363201,12.08605568,10.77075802,156.1789213,156.1789213,15.93354674,29.10624106,23.82987428,25.15849096,18.83628617,30.10372998,45.68272814,12.28061525,72.36843819,79.79324971,40.92692418,32.98277749,5.250197318,33.52864371,24.36285128,15.96273,33.41783006,26.47715738,15.76700762,29.94052293,20.27075818,155.6603425,13.93592758,8.629902426
AT1G61120,0,11.80001234,4.026502426,3.192946378,2.628734775,0,0.000275829,0.010862979,0.009091081,0.021850915,0.00035847,1.113604913,0.001960344,4.354770955,0.501650945,3.533201217,11.10870759,0,0.00027548,3.987811147,0.29592507,0.00125356,0.003170517,0.000180568,0.003057696,0.003155023,0.002076151,0,0,0,0.000403471,0.365537468,4.067797188,0,0,0
AT3G25180,0,7.079335459,0.000281434,0,11.6533579,6.160323541,0.000275829,0.010862979,0.009091081,0.021850915,0.391976912,0.001045535,0.001960344,6.160323541,2.928471915,2.997602818,2.798716122,0,6.084011659,3.795082374,0.00016449,0.00125356,0.003170517,0.000180568,0.003057696,0.003155023,0.002076151,0,0,0,0.000403471,0.92984625,11.05890788,0,0,0
AT1G47290,12.44129535,1.187027776,0.800547239,0.619407298,4.22216772,4.286546709,5.925192233,2.207947506,0.009091081,0.021850915,3.738681883,3.426563135,2.823061214,5.286798723,5.449396813,4.926102956,0.562182565,8.839498672,2.72311824,3.155509051,0.809887211,2.061045411,0.003170517,5.027353589,9.593205566,5.704684418,3.986351351,4.300861501,12.95379639,9.921482847,5.418738175,3.282443607,3.778246404,11.74814539,13.80569987,13.5486011
AT2G26260,7.092762969,2.546991366,1.865748198,3.431081795,4.714628657,5.321574551,4.356052736,2.918581435,2.719667624,7.400294041,4.525142204,4.689509448,3.523606632,4.823958949,5.033302347,4.333323587,2.419895986,4.084098071,5.29220945,2.931482044,2.342861836,2.901168262,3.133100744,2.980482503,4.743242516,3.446960828,2.917381891,3.319237498,4.584118591,4.58777361,2.80305951,2.63053447,2.05413632,7.421723771,11.49550666,9.296971688
AT1G07110,7.054756844,7.493702157,7.850127621,6.70217431,7.161542986,8.238805482,4.270788313,9.804173149,7.874514016,9.321396483,12.61656704,14.0631919,18.40463046,12.87154963,15.15962145,12.78291585,8.936669836,7.100594418,14.41582899,7.794741542,8.14280703,10.49955328,4.39244386,7.790483014,6.475845032,7.830208391,21.13605753,9.583452224,7.360209557,7.013525161,22.38636603,30.87593407,35.52606017,5.471269125,5.908040537,7.121063702
AT1G77120,1.660951841,13.19062127,5.157637845,4.141930239,3.501636949,3.554072635,66.88610895,171.2905569,166.6586285,0.021850915,9.786222376,8.060003158,2.829067585,1.933908003,2.802319455,5.280773541,13.86987763,24.98014929,2.874417223,9.287514322,10.69074741,11.04549972,80.43638611,563.834838,159.7066668,397.5847241,1.275921392,4.839642496,0.193219221,1.858860364,8.01857091,3.459255439,1.506290398,0.952874437,1.377352849,0.797371044
AT3G16910,9.294729053,9.868855309,9.998854255,9.373844291,3.233489856,5.571209531,7.214388791,19.57505161,14.59499089,0.021850915,8.291672465,9.866395712,9.772165929,8.198782663,9.291393063,9.272130334,21.13994721,11.84810066,10.53751442,8.340213328,8.329284445,7.732298634,10.04931665,10.50981987,6.504001749,15.26440751,14.57047205,6.908115384,12.99470742,11.4887927,7.112845869,52.28992045,31.45155986,14.77472899,8.026220746,6.433358457
AT3G48000,38.451825,39.00598662,15.19528763,8.483466624,11.78410717,13.53369283,21.35354514,68.54401761,60.19359686,4.357218427,60.88367263,65.22005593,40.53539108,31.89497414,31.93024255,21.35039047,62.18645576,23.37216395,26.32771987,19.98248253,51.47947149,67.46012975,29.78706969,36.51624496,20.38907369,33.86892031,31.36800567,23.27076651,19.62061234,23.19791304,30.04623843,31.95615893,23.50645864,25.71110151,31.54194229,44.64848642
AT5G36880,25.71382527,13.17808081,9.739275671,14.4589659,10.85938812,9.679448696,6.67396705,9.263258422,7.538960823,15.5363187,14.11537276,11.88380476,13.29164386,14.0631919,16.29892816,20.96451326,11.29119493,23.65234316,8.294090331,12.69501051,16.08467326,11.46835901,6.85123364,25.30534188,14.75653629,13.69576009,13.10334264,19.2223505,24.12251375,26.88620763,14.46614325,13.32744095,11.90946104,16.95134705,24.03460427,19.63946804
AT3G09820,145.8792857,9.026072416,9.848673201,17.43632408,39.59449807,56.93195499,30.20012328,4.323880157,3.156013504,21.0805687,51.81801178,54.11724931,15.20847764,22.45998466,25.53795782,49.32068674,9.48529458,72.15764148,66.88610895,28.13249223,17.40558996,24.89073542,26.61692849,42.65803505,43.70396714,30.24484012,40.00796051,56.30795294,64.55305548,89.55606321,42.26284481,24.36969678,14.08365516,70.04008303,114.9968459,78.4716095
AT5G03300,53.1330935,4.600315326,2.432192277,4.496063667,15.42453509,18.6574428,13.51887687,5.074378338,4.782752323,11.18026906,30.09268378,29.07694625,10.70131056,11.7295274,13.11021497,20.13349818,7.341906842,40.00796051,24.66104041,11.56313774,11.11014965,12.33040921,19.79887007,19.38391292,24.95525807,19.19364344,20.94131857,28.87013351,34.57616837,43.49443221,23.50645864,12.86578294,11.12031525,48.91870839,42.01074229,38.49471554
AT1G69190,0,0,0.000281434,0,0,0.288456204,0.000275829,0.010862979,0.009091081,0.021850915,0.00035847,0.001045535,0.001960344,0.001838323,0.001454287,0.000318224,0.001632319,0,0.00027548,0,0.00016449,0.00125356,0.003170517,0.000180568,0.003057696,0.003155023,0.002076151,0,0,0,0.000403471,0,0.052201968,0,0,0
AT5G41480,3.54109829,3.181793041,3.09276142,2.342015361,3.510979133,4.824328951,5.528517717,4.503969122,3.820018885,4.807545834,3.78993022,4.046166165,4.829426806,3.757620147,3.837123209,2.936656966,3.857257888,3.256800158,4.267966084,2.793087414,3.250077649,3.764190284,2.734611643,2.885467039,4.749545993,5.051876526,3.993552639,3.537426294,2.81297104,3.006077283,4.848485716,3.855133512,4.229361679,3.179453056,5.697587564,5.478337223
AT1G27450,48.87008771,21.88439938,21.14971544,16.44893323,60.00018461,70.65699843,29.80758838,5.987424214,5.68651455,5.256426687,48.89370143,42.63500858,45.4972647,42.23089418,49.48919246,52.28992045,23.530041,63.54996468,46.6367549,33.18780031,31.78047394,35.16171675,49.37235878,46.81811626,28.59998529,27.00321752,42.15155132,64.94916867,68.83830268,63.9789881,46.74285948,15.75594119,10.190105,61.63748241,61.23206836,71.03884773
AT1G80050,3.708564683,1.266201335,0.000281434,0,1.254687734,3.521195175,6.032997447,0.010862979,0.009091081,0.021850915,16.47576811,15.01983772,4.308361806,2.787500134,3.971028639,13.24635566,1.122845841,13.53369283,9.73718863,0.362020517,17.86170872,5.743406472,3.506455304,4.313443803,0.003057696,6.647190174,5.831717125,12.01753499,9.118266512,9.472254305,3.32196282,5.515831995,0.059374779,6.88067585,0.820385807,1.238782626
AT4G22570,6.149456512,19.24188405,19.82684461,16.12250797,71.57775039,111.1470675,2.311166786,0.010862979,0.009091081,4.763321668,33.42348273,36.64176613,57.10582439,19.75543926,14.95746378,19.6420616,6.164425506,12.00098341,107.8370731,55.40467381,106.1034197,146.9077965,18.46856288,8.587281299,31.76048969,5.672134546,37.01621957,40.17183161,8.20101455,11.37746276,17.51567675,67.34397609,39.3719798,11.45047078,8.94435241,4.531038486
AT5G18860,17.27326743,6.834283362,3.275391517,6.250878451,11.55222724,9.480084159,0.848331836,0.010862979,0.009091081,3.086222447,4.780082185,5.482645562,3.223433819,5.112606861,6.229107775,5.880705684,3.401044458,12.36764958,3.957745553,10.28375246,3.427774426,3.431487529,10.89941745,4.080656151,0.003057696,0.003155023,4.601892439,4.037630126,19.20507784,15.76700762,3.860108527,4.353799555,0.016027693,16.2790278,8.783914061,9.101898221
AT1G73250,8.234823657,5.046110575,4.69672282,16.28441254,3.2715288,3.792324667,3.195168716,0.010862979,0.009091081,28.87013351,6.643302172,5.91373676,3.689009373,7.293197801,7.174560939,7.108973289,5.45706736,7.129207823,3.207268204,4.552657205,3.560008615,3.397540841,4.804977483,5.028763513,5.461654267,3.799950563,4.506578884,5.490175857,7.978951481,7.751469073,5.685249372,5.255335945,7.494620535,7.616414748,14.2780627,9.296971688
AT3G51160,42.43765369,21.13474221,13.32879387,12.8557989,13.19920918,14.23163197,12.63188054,5.998600388,8.534914752,12.71511076,10.20038408,10.23741181,8.051386934,17.58049024,13.19920918,15.80511625,12.88120716,26.00922176,18.08784448,10.37591807,18.3342447,17.26617448,13.86987763,24.54419193,11.80300925,5.908040537,15.46814674,18.64872857,36.28260853,33.27189065,14.45437381,9.275871624,23.3316071,29.31084111,43.84406855,16.68885754
AT1G71750,3.786291283,5.506317808,5.929026092,3.921631317,5.98784807,5.882922066,7.746817874,3.998126638,4.047439634,3.529361742,3.221812229,3.974473816,6.09582537,5.297490614,4.645866601,3.430656211,3.84876019,4.332157652,4.046279226,4.740031495,2.891271684,3.472385797,6.235800622,4.358742968,9.79197076,5.385635428,4.923378302,3.785322307,4.260391631,4.780640094,5.155745539,4.602792963,4.494897855,6.278369671,3.758993136,5.247177628
AT1G05620,17.438628,8.007818243,7.864401257,7.356433281,5.882560411,8.845515918,10.70737804,4.076761763,3.757620147,7.099739741,4.537126781,4.795110249,3.534219442,2.702789801,3.437226653,6.497829414,35.95667952,13.09515237,5.513803873,5.88036713,6.790183758,8.017540381,5.152861175,12.97930173,15.73820626,8.192497876,4.312107045,8.14769357,14.85783953,15.15152703,4.605763453,2.472928555,1.13523136,11.74814539,23.38170094,14.11816008
AT2G38280,15.20230222,8.401908306,7.562018988,5.427258187,7.998274229,5.991614062,4.046279226,8.79313998,10.29216246,3.095178904,7.288147301,7.103474292,7.803305523,4.989343427,5.155359582,6.65939545,6.972010055,11.71490952,5.29643207,6.400548647,7.238223334,7.21612298,11.10934459,12.66889063,20.12684661,12.62721366,7.750949855,9.037741191,10.94640977,12.61539972,8.582901463,7.858454553,7.993675004,10.7238971,9.48153711,18.40767032
AT5G58560,10.50319267,5.879348726,6.940180609,6.72678117,4.880145785,8.524238497,5.87753094,4.650144641,4.305652857,0.021850915,9.324216596,9.280277523,9.650862444,9.321396483,9.603318138,9.964027128,4.973418925,10.55850186,8.575720661,5.904279111,9.148896781,9.924749057,4.763321668,6.452785074,6.148544303,6.430906386,8.099247142,8.798998224,11.8995039,10.46944926,9.050896533,12.44611492,10.55329604,12.84939583,13.35277519,8.866374071
AT5G63910,8.395207864,5.741234604,4.926102956,5.876202712,4.746587791,5.835888814,9.109363144,8.840063849,8.629185726,11.18654786,8.790793538,8.730853311,8.403922142,9.043923871,8.903591637,7.989562679,6.557193321,9.804173149,6.1170044,4.931103561,6.043397995,7.594644522,7.627324178,6.975549426,5.01401775,6.488411602,7.832997001,6.489348252,12.70558614,9.122164095,6.938618119,9.22268391,7.55249347,11.24933949,10.69601204,7.814198548
AT3G44860,5.465413805,10.88020451,1.96955276,5.833482695,0.403385444,0,0.68049592,0.010862979,0.009091081,0.021850915,2.416138542,3.524560418,7.357450369,58.3266941,26.77539788,43.70396714,40.68385443,0.246737125,0.00027548,4.233727578,0.764032832,2.828855533,0.003170517,5.302621072,0.003057696,0.003155023,4.47049643,0,0,0,0.961600389,11.89468696,99.90441158,4.292725257,0.023088718,0.162035152
AT2G43980,7.627914643,8.402752802,7.55130427,5.752256196,7.226675937,6.594732974,10.93862093,8.348663042,6.33920119,5.07761374,6.633650988,6.546529101,7.393359127,5.017216424,5.866207688,5.474024936,7.602559072,8.987962311,5.887673079,6.793839132,5.946967109,6.657631005,8.330088336,8.200439853,14.77750615,10.27052104,4.784724189,6.106577548,9.132999913,9.186555369,5.513803873,4.300861501,3.27400741,8.581763373,8.214802745,8.866374071
AT4G08170,3.852283197,8.288604431,11.28358689,13.55285063,11.88712164,10.16548578,9.131297789,13.92288491,11.37644855,12.00730733,4.399711747,6.931565875,4.026502426,5.925605021,5.785782947,10.05470395,6.390336019,3.398902509,8.840808214,11.13796112,7.207941717,6.919754188,8.480530893,4.917279158,9.603318138,5.640509933,3.390620211,4.509439078,3.467081399,3.825774132,3.548662016,2.894304985,44.70564359,4.292725257,5.697587564,5.478337223
AT4G33770,2.238175398,2.838040111,2.620217654,2.345695298,0.887021196,0.30891128,0.520104645,4.281548022,3.414294589,5.681155987,2.776839449,2.980112773,2.380053917,1.6310723,2.026487715,2.077205066,4.328387486,2.781059506,0.997396092,1.530120947,3.188795131,4.345066095,10.68169662,6.442547309,3.181328654,5.017216424,2.214693177,1.8107929,3.542915695,1.715982905,1.908005133,2.703546617,3.04287382,2.063431517,0.46233691,1.734109799
AT5G07370,8.192221907,10.78730874,16.06721697,8.531478403,6.265582824,8.668794882,8.902158033,10.7839698,18.26744847,3.685534968,13.46329666,15.05827056,14.0631919,12.00098341,14.1029559,11.35320164,11.67325378,11.05252301,10.77981032,9.271104911,9.852164561,9.185961807,10.72028151,7.696388707,8.218252691,12.22622139,16.28830526,13.19792948,11.05933054,9.686922799,13.53869858,12.53329873,8.44442035,9.642284196,9.99509274,5.011925065
AT5G16760,15.5706472,20.80850148,20.71921199,18.93309881,14.55844279,14.60230874,15.89980519,24.67641502,21.32898496,22.25357932,10.18135759,10.35268895,14.41582899,10.55850186,11.41434299,10.90248227,17.82529457,13.28580568,11.35647296,14.59267781,13.81936005,11.56313774,12.88519913,9.876646898,16.55173098,11.56479824,8.994751972,12.12874532,12.98135531,13.87097079,9.496882094,10.64926264,9.336868803,14.41135836,18.7819809,15.47001138
AT5G42810,6.645630153,6.979071193,5.693823723,4.498502133,6.042675685,5.653566199,9.496430748,8.537951785,7.547496391,0.021850915,5.033302347,5.002126621,6.400407653,5.659504502,5.455843538,5.385886647,7.614772976,4.698644697,4.843490018,5.422855762,5.74033412,5.658662263,2.192222386,4.289179076,4.579236144,6.046445034,5.687727104,3.415719484,6.322635375,4.392799838,5.50212707,9.645106812,7.989870975,5.682433448,8.407281793,5.708952612
AT5G61760,7.946030138,9.414096778,11.45659703,8.413766289,6.725098501,8.525399926,11.44555225,7.830531234,10.01791101,8.290923441,7.066088921,7.30918454,7.83245244,7.075512411,7.402599842,9.368100449,8.736259854,9.295780407,6.113842124,7.654704101,8.782981373,7.556966838,7.699802549,9.465319051,8.288604431,7.423046406,6.54577255,9.486202113,8.437850274,7.877857012,5.914285955,6.545063668,4.583769458,8.388273004,8.214802745,5.247177628
AT1G65930,225.6864626,19.14431781,19.47522503,14.13050989,37.02360424,37.99633355,47.53176483,12.68731992,11.23243032,8.665378435,79.41119601,78.4716095,72.77734776,62.33082551,64.23378723,96.65511291,18.40924069,162.6013186,22.66238265,31.65559868,28.11692736,26.01537639,71.2333218,74.45693588,62.628261,83.86901406,105.0859583,132.4256522,187.4992568,147.6461053,91.43035146,86.74043073,66.68729402,181.4780436,214.376386,107.140551
AT2G42790,15.70470188,26.92932502,23.26765148,18.08863424,5.386280354,5.564287646,12.2710224,97.24208545,90.15484432,5.789079243,16.44893323,16.13877954,18.7819809,11.64447294,13.1951147,11.89696595,58.78873529,15.41949238,6.54856859,17.61171577,23.86824316,23.79044423,6.941327379,17.73934433,10.29052732,18.18918686,6.829649565,11.49403562,18.13429256,12.84398106,9.5058541,14.38092836,10.151213,21.13474221,12.33040921,10.71841131
AT3G58750,13.90031372,20.91762039,20.64076523,15.82405265,8.475461673,10.00617081,9.670798013,10.34141995,9.132999913,20.41101307,6.698137306,6.937031391,8.416218084,9.142211992,10.54802621,9.225717459,26.78577501,10.89785906,5.693318703,14.45584797,15.80235497,17.10705681,6.13154631,8.670878041,13.69576009,14.64673638,6.929325887,5.919293773,14.11912153,10.17346685,8.529675737,7.205814324,8.804348342,16.09172577,13.52184748,8.866374071
AT2G14920,0.586353555,0,0.000281434,0,0,0,0.000275829,0.010862979,0.009091081,0.021850915,0.00035847,0.001045535,0.001960344,0.001838323,0.001454287,0.000318224,0.001632319,0.280548255,0.00027548,0,0.00016449,0.00125356,0.003170517,0.000180568,0.003057696,0.003155023,0.002076151,0,1.808245583,1.115859943,0.000403471,0,0,0.01005785,4.543930876,0.8990072
AT2G26710,2.810042739,0,0.000281434,0.164574757,2.529743732,5.264978497,1.717847891,2.051665165,0.009091081,0.021850915,0.00035847,0.001045535,2.032970006,4.026502426,6.139734776,1.271551728,0.001632319,3.212219427,1.946786461,1.647313637,0.911424957,4.302009721,6.261962331,3.238894239,2.076199743,1.97220233,4.044257371,3.197623556,3.446960828,2.122205305,3.236551123,1.089847536,0.151802639,4.038477681,6.684275604,3.194052443
AT2G28880,2.022738929,2.645125886,2.204328016,4.029210527,1.850361853,2.829925521,0.000275829,3.497991776,3.263817814,10.88623379,3.270798134,2.9292681,2.627866683,2.822426459,2.984096582,3.154696029,2.05005251,1.4875994,3.697561938,1.784013593,1.929004759,2.328367426,2.153989257,1.426950928,0.961600389,1.208976129,2.730800395,1.601706154,1.261142845,1.50574136,2.213923879,3.827700916,4.56447937,2.063431517,3.473608259,3.194052443
AT5G57850,4.575484568,5.636511109,8.138914892,5.479201514,9.725887131,11.8109,9.861439234,6.392403424,6.227377315,8.030524127,10.69601204,11.29743254,19.47158164,15.63550157,16.82765471,15.3795909,10.09211385,5.435459325,12.62614388,7.826209288,5.298890797,9.106195895,7.224336908,5.059010294,4.320880233,2.901561792,16.38737023,12.52771921,4.75133656,6.152559348,18.7819809,11.06856381,10.61182951,5.259482469,6.314333011,7.359316782
AT1G79440,15.38326019,7.242117415,7.828840603,5.725106391,8.385903609,8.097090723,9.230807817,14.33396372,11.9181529,5.747159465,10.18741625,10.52932852,14.58106128,14.13623884,21.07784271,12.63019156,9.98059455,16.1466057,4.831634614,8.329284445,9.583452224,12.0530971,9.026772369,18.19614253,8.428725513,10.10964383,10.42877676,12.28307289,16.62970978,17.46977755,12.70137987,6.04022579,6.115537779,11.24933949,22.54491631,14.11816008
AT3G06580,12.27728458,12.40495097,14.30469646,12.19736897,10.28502393,11.64201344,7.410110389,9.59799462,8.489259214,9.677040421,11.18026906,12.14814075,12.40404793,11.35647296,13.18704244,12.85691937,12.77553841,14.60116441,11.3635561,11.66112955,10.49955328,12.82948047,11.79175539,9.305137747,10.27715225,11.84810066,9.110809021,11.91624673,14.7501446,13.46408197,11.78169677,9.954343657,9.105557527,10.19456098,16.11003383,11.31374794
AT3G57520,23.530041,53.42547264,33.47120224,23.09114614,24.68327682,13.81325969,7.490949831,34.04838249,61.32747614,12.14814075,39.3016092,31.99076358,10.78261982,11.99058237,14.74731868,37.91050156,164.3492032,44.76361168,10.27189272,53.53783272,8.795725049,10.16482728,4.061621807,8.210430068,32.52358115,22.13956027,22.632512,23.20808211,33.47120224,28.80725965,17.26829514,14.92692568,52.28992045,7.616414748,17.63570529,28.097749
AT5G18200,5.057288097,6.150334687,4.743242516,6.101719428,4.245027336,7.358471846,6.730644348,6.484714696,5.744402366,13.15571345,6.699454392,6.597846373,5.892930879,4.299709849,4.475868389,4.533818374,6.334535065,6.084497477,4.926566802,3.776155099,8.713759077,7.811780175,5.289290789,8.574593655,7.120123494,7.627324178,4.831634614,6.834283362,5.450018613,5.421739472,5.211019565,10.52266241,7.827730175,6.104842703,7.837686822,7.814198548
AT1G09350,1.947969185,3.458122666,1.914830582,3.139151691,0,0,0.000275829,0.010862979,0.009091081,0.021850915,0.00035847,0.001045535,0.001960344,12.00730733,14.09910594,1.197943788,7.34640717,0,0.00027548,0.451669081,0.00016449,2.503080628,0.003170517,0.000180568,0.003057696,0.003155023,0.002076151,5.146164812,0.903084529,0.216063117,1.030711157,1.413205795,3.803485035,2.850950429,0.820385807,0
AT1G56600,0.13787954,1.286984689,0.000281434,0.953290703,0,0,2.612120967,187.9402674,152.9052234,3.474434615,13.65632806,18.86727794,37.32594216,21.15679377,20.4177292,12.8557989,33.23382223,0,5.240355396,1.497570062,11.36728802,49.27019548,0.003170517,13.24757929,0.003057696,0.003155023,0.002076151,4.585471399,0,2.133326819,0.000403471,56.12643968,12.52600744,4.554812808,0.387653517,0.067830869
AT2G47180,2.314876035,3.716944585,1.2404492,0.841302852,6.35130246,4.277794155,0.484837203,128.6590984,125.7036776,3.40018243,86.28680268,87.84145206,8.198782663,12.17823786,14.07252371,56.68246647,8.23396809,12.32474616,11.1918896,13.59375064,13.94185757,22.70052733,2.229407786,8.866374071,2.270731047,6.870087028,1.114409873,8.003787592,2.860190942,12.43462364,0.871247894,16.71782232,15.98316435,0.952874437,0.820385807,1.238782626
AT5G40390,13.50441312,2.976872455,0.000281434,0.962888738,0.528495085,1.355901655,2.057108132,0.010862979,0.009091081,3.849500909,0.972542293,1.426950928,1.152027307,11.80001234,7.088929858,4.090288489,1.652701191,8.34805922,1.900183371,2.185985662,3.050369515,4.76871315,0.003170517,6.093001614,0.003057696,0.003155023,3.917039061,7.6417601,13.86212641,13.52347179,3.554400929,10.24071043,28.68579616,38.46452414,12.84939583,6.433358457
AT1G68760,10.5960529,8.605292719,10.20212177,6.393559299,6.898232489,9.9578167,12.70721196,3.440375048,2.435712002,3.260760532,8.947479406,7.491496655,4.968235178,8.38809243,8.23626572,9.264376839,6.718207631,10.86414144,6.975917409,5.242852217,8.436065773,6.103908131,28.68579616,11.07126688,10.8751176,7.554679247,7.214388791,13.75986929,9.325192206,9.583452224,7.392623176,3.71623079,2.440202341,15.7995715,6.684275604,8.629902426
AT1G27980,9.682718109,14.39859311,8.950239228,6.731188716,1.539223592,2.053649923,7.839833939,9.317974017,7.864946134,5.150763697,10.60111191,9.845354744,8.476818699,3.974836211,3.848094164,4.920239479,17.01776225,7.240368738,5.265905831,5.230543765,10.0042263,10.88885611,7.017492618,8.328682657,3.711399727,9.370789508,5.3056488,5.258876399,6.686289426,6.35974815,6.882945764,4.544150188,4.262369741,8.581763373,8.597026821,5.708952612
AT4G21540,6.874486184,8.900378819,10.14752978,19.29619858,6.344095204,4.934027719,1.577614963,7.41701028,5.523365108,29.25262537,11.23664738,11.18401652,9.917898594,8.924207319,9.495454218,8.991568762,10.71601059,8.411031632,6.858615559,8.480931497,9.728732743,8.610589475,3.723515188,9.149825991,5.891792992,7.490572588,5.927678573,6.504001749,7.686863252,7.346030378,6.921213811,10.79361952,12.44038858,9.642284196,9.131764116,7.596956754
AT4G26420,0,0,0.000281434,0,1.530683746,6.675020291,12.11714558,0.010862979,0.009091081,0.021850915,0.00035847,0.001045535,0.001960344,0.001838323,0.001454287,0.000318224,0.001632319,0,0.00027548,0.097619842,7.839833939,3.510553005,0.003170517,0.000180568,0.003057696,0.003155023,0.002076151,0,0,0,0.000403471,0,0,0,0,0
AT5G56300,0,0,0.000281434,0,4.040366491,9.47385043,14.11719862,0.010862979,0.009091081,0.021850915,0.00035847,0.001045535,0.001960344,0.001838323,0.001454287,0.000318224,0.001632319,0,0.00027548,1.417308118,4.099548095,2.802006344,0.003170517,0.000180568,0.003057696,0.003155023,0.002076151,0,0,0,0.000403471,0.022114576,0,0,0,0
AT1G06820,5.061586923,5.789079243,5.748794352,3.957504894,5.875766618,5.493561579,4.254517637,4.650923259,4.149584166,0.021850915,6.977136546,7.415538409,7.820617373,6.878151678,7.878759359,7.347943672,6.478449827,4.646118268,7.418771923,5.312355632,5.382457417,6.53700888,6.051253487,4.235860098,7.998274229,8.042856758,9.961371028,6.255966092,4.531038486,5.009134313,9.639419388,8.60903467,8.524238497,4.292725257,5.009944989,6.433358457
AT1G10830,2.76834439,5.783132317,5.304174745,4.462692223,2.416930227,4.821893583,6.167502848,10.50451894,8.710816263,0.021850915,3.202234096,3.77654484,8.010895259,9.805854746,9.802682537,6.311004559,4.936495616,2.122205305,4.151074724,3.483522078,4.752463824,8.618250189,3.512900055,1.909431157,4.587478326,3.549001103,10.51324089,3.356485055,3.119362829,2.769614405,8.861283251,6.35041992,8.429463859,3.179453056,3.156234014,3.490697209
AT3G04870,7.947256402,24.2381197,15.74517142,14.46190919,9.446713857,12.02150502,8.912722572,20.56883165,17.61171577,0.021850915,11.29743254,12.43787436,23.37216395,15.98316435,16.52974006,12.80789223,26.20047941,6.120635593,16.51562523,16.4575514,12.88120716,23.28110242,5.91276387,6.886778214,6.915581495,11.73863702,25.37702481,10.77160314,8.596029292,5.908040537,20.55816873,20.55298358,19.29172042,12.15350152,5.475171737,4.771565965
AT4G14210,5.700101865,15.80511625,10.42689989,8.34805922,8.902800641,12.37398744,7.700657457,9.27769098,8.239140998,0.021850915,10.71798391,12.78947617,21.29438372,16.01408327,16.22304652,11.13138773,11.46363922,4.247809094,17.27513882,10.86845055,17.44759331,28.99326366,8.218252691,4.698309651,7.214705461,8.005817363,19.57505161,8.532775376,4.497148734,4.390220927,17.45803121,19.68679939,21.76583334,5.682433448,3.156234014,4.771565965
AT3G22200,55.78779528,38.36026777,36.53219558,27.48830466,15.45575496,18.20004978,13.86212641,15.60303066,11.45503952,9.769839281,17.25144951,17.20169081,21.1891887,13.5486011,16.99520056,16.51562523,82.30950222,57.68030434,20.54396255,37.70918919,21.5955615,39.25055803,54.53105052,16.31830774,18.79127793,19.06716817,19.19008345,36.57632588,111.7798728,53.42547264,25.3074535,10.86510664,9.278202458,49.27019548,38.22431064,15.26768769
AT2G27690,1.731132433,11.45659703,14.87097656,13.1460633,8.103302357,2.939650632,25.71382527,0.010862979,11.95202164,0.021850915,2.83750127,3.605985588,0.001960344,6.09772296,5.27756891,15.99946943,3.420030524,1.574917774,2.415634053,7.502827534,7.358471846,5.264978497,1.342533879,25.50150659,0.003057696,3.70628165,3.184894849,1.239001057,0.218882411,0.278510022,0.621755319,0.470634827,14.59966354,2.489375461,1.927265861,0.797371044
AT5G60540,8.326101937,10.54928345,5.908992341,4.589110998,7.069028657,6.486624329,6.432718632,23.98902984,17.82629334,6.397102865,9.404305227,9.724490009,11.88089967,8.223211792,9.973808075,8.604917591,7.642523797,10.56510636,5.700101865,6.543810635,7.876847674,9.864344115,9.73718863,21.57233473,9.67359251,11.73359018,9.326826411,11.56787087,7.633392069,8.529675737,9.504484976,12.33136921,12.68162021,7.236486763,6.684275604,13.14783191
AT2G37040,160.5405566,24.99637169,12.33040921,9.727039164,21.48193219,26.68147794,15.09365076,0.010862979,0.009091081,2.843283193,153.78581,154.6881933,6.472460198,13.20560279,10.46192648,14.34210693,24.81521377,47.63786832,72.77734776,21.5955615,120.1602374,213.5593457,35.19731623,35.45364319,2.324944223,50.77358736,17.86170872,14.91745073,99.90441158,55.599901,11.64940698,10.50319267,3.422145325,252.6514196,26.93558975,2.545674963
AT1G01600,5.878590087,0,0.962257289,0.903084529,0.676624977,8.022030117,6.269218424,3.163049699,2.21178433,0.021850915,0.00035847,0.001045535,0.001960344,0.001838323,0.001454287,0.000318224,0.001632319,2.648549325,8.049501406,0.132424909,0.00016449,0.00125356,0.003170517,2.511241527,1.759448536,0.003155023,0.002076151,0.732705295,1.652062486,3.234554829,2.094722622,0.022363208,0.009160943,0.952874437,0.023088718,0
AT2G45970,8.485845364,0.84775542,2.32273214,3.969503893,12.48767765,10.88623379,9.580661909,0.010862979,0.009091081,10.38406155,0.671646575,0.709474179,1.337869261,3.711399727,3.411827641,1.483784961,0.001632319,4.084815253,2.335954071,8.141765106,1.98165549,1.945279681,0.003170517,2.450778901,3.540203562,0.003155023,4.765547345,5.885161339,4.594670557,4.495590298,6.487076205,5.075257054,0.238687376,4.554812808,0.820385807,0.977780615
AT4G00360,16.81349343,6.229423051,2.522579181,2.504109866,4.393091865,17.90667044,33.27189065,2.513617998,1.805371824,5.445915573,5.659208326,6.108170326,11.88529383,68.72663108,57.54990414,31.81166259,2.562011302,6.840588942,9.192490495,5.196729004,7.057065021,5.281672054,0.003170517,4.101945825,0.003057696,0.003155023,31.5790795,26.68378869,6.084497477,5.873673527,21.73710521,63.00097727,2.454783745,0.205925868,0.0587917,0.067830869
AT5G58860,49.20209118,0,0.000281434,0,0.051813696,0,1.389868408,0.010862979,0.009091081,0.021850915,0.00035847,0.001045535,0.001960344,0.001838323,0.001454287,0.000318224,0.560163125,22.63759019,0.00027548,0,0.324406517,0.00125356,0.003170517,4.879353067,0.003057696,0.003155023,0.002076151,12.34351785,24.96717407,27.85809539,0.000403471,2.630871933,0.027634691,0.952874437,0,0.162035152
AT2G24210,0,3.529361742,76.00101393,62.69668421,0.226190051,0,0.000275829,0.010862979,0.009091081,3.006077283,0.00035847,0.001045535,0.001960344,0.001838323,0.001454287,0.000318224,0.001632319,0,0.00027548,84.43196689,0.00016449,2.543469955,0.003170517,0.000180568,0.003057696,0.003155023,0.002076151,0,0,0,0.000403471,0,0.806145395,0,0,0
AT3G25820,7.812656273,0,0.000281434,0.501462338,0,0,2.992432586,2.13278702,1.792396813,6.280079426,0.00035847,0.001045535,0.001960344,0.001838323,0.001454287,0.000318224,0.001632319,44.44541778,0.00027548,0,0.00016449,0.00125356,0.003170517,0.000180568,0.003057696,0.003155023,0.002076151,3.477889188,41.07202628,103.0996751,0.000403471,0,0,0,0,0
AT5G48950,0.952358241,2.219994191,3.21552277,2.820801473,0.206415271,0.407744608,10.59997766,8.410390454,7.816467012,4.282968159,0.571865248,0.605707225,0.813644062,0.001838323,0.001454287,0.337720383,0.001632319,0.808222821,1.114409873,0.17820951,2.13834249,2.038455802,0.003170517,0.555618884,1.808684494,0.003155023,0.002076151,0,1.00262267,0.377443298,0.464700565,0.322680759,0.001972871,1.570471219,1.927265861,3.490697209
AT1G74540,0,0,0,0,0,0,0,0,0,0,0,0,0,0,0,0,0,0,0,0,0,0,0,0,0,0,0,0,0,0,0,0,0,0,0,0
AT1G74550,0,0.29229836,0.000281434,0,0,0,1.029402135,0.010862979,0.009091081,0.021850915,0.00035847,0.001045535,0.001960344,0.001838323,0.001454287,0.000318224,0.001632319,0,0.00027548,0,0.00016449,0.00125356,0.003170517,0.000180568,0.003057696,0.003155023,0.002076151,0,0,0,0.000403471,0,0,0,0.023088718,0.685308387
AT2G19070,0,0,0.000281434,0,0,0,0.000275829,0.010862979,0.009091081,0.021850915,0.00035847,0.001045535,0.001960344,0.001838323,0.001454287,0.000318224,0.001632319,0,0.00027548,0,0.00016449,0.00125356,0.003170517,0.000180568,0.003057696,0.003155023,0.002076151,0,0,0,0.000403471,0,0.020973256,0,0,0
AT1G65840,45.12553047,13.90773696,23.37019454,43.23349,6.681377821,5.050435858,12.52115246,5.660544311,5.674638299,49.94577936,3.572689793,3.505407974,6.66028798,11.66833583,14.09676871,13.50590179,56.91125155,17.64299869,6.320538002,14.41498079,3.102983495,2.514875541,35.95667952,9.778639917,13.09431697,6.34028308,10.37084987,32.27995921,40.10001988,26.68378869,8.589067114,5.952311652,21.51250784,87.93515189,35.83028595,10.15450652
AT3G59050,0,7.492052072,7.744935804,9.270495499,8.052690825,11.97733074,5.867191775,0.010862979,0.009091081,11.31772605,6.65939545,7.808369605,8.095889069,12.6343239,11.89066919,12.9955847,11.71601719,4.761969511,10.71930469,11.56592381,9.446713857,11.98885019,2.04843152,3.999258937,4.755677734,5.316827906,8.670027484,11.06195391,6.649751553,5.203323208,7.492052072,13.25583475,14.92884285,11.57523066,8.407281793,5.708952612
AT5G13700,1.516262829,14.30342219,11.99293085,18.5207322,8.617453799,0.57486293,9.502247235,13.37878276,11.88588977,16.98841825,0.380085787,0.484837203,0.001960344,1.116367036,0.505111501,2.543469955,11.1304943,0.402153397,3.172980952,2.999827047,7.229889004,4.476767669,1.76419422,2.148155126,6.09913065,2.274570137,0.910933667,2.553513018,0.29641838,0.597316313,0.577014928,0.151802639,11.67704482,0.437070928,1.377352849,1.734109799
AT1G18870,8.709909162,2.810995625,3.992176386,0.370203052,0.79302072,1.182908903,0.000275829,0.010862979,0.009091081,4.469257381,0.00035847,0.001045535,2.353811106,1.292784682,0.881883481,0.910933667,12.98635942,4.806621136,0.00027548,1.230273656,3.403081996,4.728727005,0.003170517,0.000180568,0.003057696,0.003155023,1.80594815,2.892470024,5.937693818,7.076126558,1.10020123,0.530004145,0.808222821,2.063431517,0,0.162035152
AT1G74710,2.412534564,5.703872126,0.000281434,0,2.100941859,2.339648185,4.351852952,10.18194532,7.693680691,5.247767808,0.969414675,1.360776928,3.35941372,9.337762365,7.687700848,4.575800711,16.22304652,3.996536461,2.557043285,1.410588829,0.736549021,1.231173058,4.007588663,10.88522273,3.047255679,9.684347521,5.499547823,3.31800416,2.514036221,2.535305192,4.107599788,3.114761872,5.245873554,4.554812808,3.473608259,2.545674963
AT3G10550,4.784724189,5.251236611,6.678378383,7.63022002,2.889703419,2.473993232,1.745478365,14.41748257,10.79520688,13.32101179,4.284884794,4.577937306,4.071762883,3.724320127,4.343797904,3.529603769,7.098630022,4.497793453,4.244150905,4.693286542,4.558811017,4.296870042,6.148544303,4.228200636,4.935731497,7.746817874,4.018417968,2.980482503,7.085847776,4.739535512,3.972354619,3.918654438,11.55490039,8.201466349,5.475171737,4.531038486
AT1G34120,3.241409601,3.731987669,4.31435235,3.110139839,1.731887621,2.27266601,3.522164712,3.426087498,2.855477167,6.270838817,3.72103731,3.702404469,4.324100423,3.707454499,4.294142042,3.800654641,4.345066095,3.954628717,4.400329836,2.361819191,3.228008161,4.521382942,4.694505288,3.358907589,5.239642084,7.227853514,3.098261338,3.189152663,5.47345603,3.920892305,3.164034971,3.444045097,2.609512298,5.471269125,4.779238168,4.026724626
AT1G05630,3.005044588,2.939650632,3.141186859,9.278202458,3.987204527,3.154696029,0.479924803,0.010862979,0.009091081,18.15239209,1.84219874,2.03205729,2.895463193,3.356051539,3.532731764,2.793087414,2.814669161,1.326597257,3.953878518,2.710337896,1.288455036,1.401061579,2.365665203,2.52364821,2.415634053,1.948138353,3.201835622,1.954255545,2.260027746,2.036075966,2.803937557,4.309651319,6.143895519,5.682433448,4.543930876,3.768798343
AT2G31830,0.031105539,4.280011844,5.910003024,25.79248201,0.331411087,0,0.000275829,0.010862979,0.009091081,37.70918919,0.00035847,0.001045535,0.001960344,0.001838323,0.001454287,0.000318224,0.001632319,0,0.567233699,3.409726792,0.00016449,0.00125356,0.003170517,0.000180568,0.003057696,0.003155023,0.002076151,0,0,0,0.000403471,0.696902004,0.709887957,0.020262441,0.023088718,1.238782626
AT2G43900,1.890510543,3.756079789,4.04942516,13.50590179,2.231180926,2.260925596,0.000275829,5.35145841,4.751041343,26.2032501,2.445796547,2.565983581,2.638340947,2.620217654,3.207268204,2.976482647,2.51704728,1.721865431,3.695374181,3.164728851,2.996856241,3.093594409,2.068140318,2.534065156,2.869456862,2.487082967,5.197122701,1.773776104,2.619812771,2.463176001,5.046993627,5.242172228,8.132909206,2.063431517,1.927265861,2.545674963
AT4G18010,11.10747242,68.97877148,19.04134887,14.87566887,7.407777455,2.119808902,1.751664289,2.219520331,4.969434124,0.021850915,4.061942945,3.678250945,9.870155833,14.75303205,10.93862093,8.424815736,33.35917822,8.138520648,6.541893199,8.217733143,43.60441946,53.64981579,5.234976601,8.606497577,0.003057696,5.896820573,20.92167468,12.79154141,8.440137211,9.840507217,8.741118685,9.576731878,66.1274538,8.73293486,1.377352849,0.279282946
AT2G27190,14.2913464,9.15072545,15.96408837,10.15601176,4.936495616,8.904822401,3.760243837,3.489712413,3.463212019,0.021850915,9.092597616,9.373844291,13.91489987,4.935355752,5.877734392,12.68845685,46.33111249,11.06059007,11.35320164,8.844289584,7.621416445,9.324216596,14.28248849,24.2095341,7.751469073,13.75632823,9.907480196,12.69173695,12.35806202,11.79277123,8.403922142,9.60439743,4.315295951,7.421723771,18.7819809,22.0917517
AT4G13700,0.002081376,0,0.000281434,0,0,0,0.000275829,0.010862979,0.009091081,5.225295757,0.00035847,0.001045535,0.001960344,0.001838323,0.001454287,0.000318224,7.61275008,0,0.00027548,0,0.00016449,0.00125356,4.086007996,0.000180568,0.003057696,0.003155023,0.002076151,0,0,0,0.000403471,0,0,0,0,0
AT5G24770,0.899289579,37.02360424,158.4155166,104.3527796,460.1071229,162.1650383,0.000275829,0.010862979,0.009091081,7.557794808,170.2261058,139.9618864,21.94571658,6.789783113,4.841347529,26.2032501,9.965593814,19.52359238,43.3965547,650.5281628,23.1548411,115.9303603,0.003170517,5.720207418,0.003057696,0.003155023,2.35980074,4.732092416,0.266517003,2.021446689,2.057108132,1.706665557,1.507510898,0.437070928,0,0
AT4G34710,48.66735609,67.65736148,51.28157061,51.94621219,29.97611928,6.725655749,12.48912418,15.27516405,12.62721366,45.60644249,6.903406396,8.67129792,10.50319267,23.55344423,14.54909754,19.41097933,290.7232669,75.28947746,14.20853815,37.2645426,33.41783006,14.76756052,18.14173907,29.24537461,68.43243161,6.723175742,33.47120224,69.04874694,27.90464373,49.64090956,37.1091795,10.35268895,101.7915712,93.96031861,32.98645924,16.08410963
AT3G10870,0.553570995,1.168631713,4.080656151,4.5999672,2.644211125,3.98803116,0.000275829,0.010862979,0.009091081,0.021850915,9.73177899,8.942303409,2.0238362,1.790709881,3.110597299,7.075016849,1.594796868,1.664039305,4.69767878,3.426563135,5.869096449,3.721449456,4.652044937,2.361819191,0.003057696,0.003155023,3.152993753,1.2508095,3.202234096,0.890744102,4.221823768,2.28044337,0.00240794,0.05986572,0,0
AT5G55250,6.548845162,0,0.000281434,1.963617996,3.785841177,8.207296266,9.870418844,0.010862979,0.009091081,0.021850915,0.00035847,0.001045535,0.001960344,1.290948504,2.01730339,0.000318224,0.001632319,0.381114031,6.932185035,2.141217472,4.75133656,12.17914093,0.003170517,0.930749356,2.466426028,0.003155023,1.096841764,1.945763314,5.637272617,0.552040656,2.127403008,2.111942966,2.101868039,11.96166239,3.758993136,0.411512861
AT1G30620,5.643353101,12.12874532,8.096294263,8.793400689,9.595249166,4.98567101,6.919754188,6.910357253,6.665409058,16.0504614,4.040366491,3.481119964,3.172980952,7.36243219,4.306595285,4.079103485,13.03214677,5.995295909,4.228524777,6.910825338,7.080512893,6.098502131,6.840058417,7.686863252,8.845067639,5.27756891,2.725333242,4.75035838,5.298890797,5.485968057,2.247887091,2.799213659,22.4088991,5.471269125,9.845073831,4.531038486
AT4G34890,12.63324599,18.45830327,17.13867505,12.70466911,4.338268548,4.051257103,5.190020594,44.10036284,27.4421689,8.100819971,5.526939363,5.518637613,7.161106376,5.869096449,6.435556555,5.251236611,33.81892828,8.625816685,5.699451169,11.71716692,14.59383435,19.75858287,6.675020291,8.39691564,10.0028758,12.79797432,5.721446654,4.577636253,13.85527499,9.336182861,6.971635325,7.592212043,6.906437281,14.26331248,11.70767683,6.659833789
AT2G46370,15.10823037,54.96832345,23.12796369,22.32886935,9.597003238,7.792071083,9.864344115,5.944100028,5.557568654,3.724320127,12.48912418,21.20365763,12.88667172,16.99830559,11.53781969,12.98753189,15.33007258,16.53228491,10.51356422,25.71110151,32.52358115,37.60990879,15.21234088,12.12841101,7.434185874,17.60253391,8.794587204,10.37658014,21.41854406,18.78576015,7.874514016,14.76562112,168.5360185,20.75613816,12.84939583,13.14783191
AT1G11720,2.507494411,3.856937731,3.139968922,2.501159623,5.987175849,3.957504894,5.208416997,7.30490855,5.8657256,0.021850915,4.256351868,4.551938177,8.225835177,5.451497514,5.716354038,3.923315853,5.86515187,1.102310509,4.124012757,5.938631408,5.193879719,7.637486683,2.633913313,6.028470466,4.569314626,5.784828556,12.52115246,3.61055958,0.525131883,1.737889441,9.769839281,10.0541064,12.80326721,0.952874437,5.009944989,6.659833789
AT1G27680,4.037630126,2.8154134,0.434588853,0.60040316,6.440129226,4.834985205,5.877023284,6.545415018,5.730399682,3.256024336,4.066428379,4.00255101,3.74310908,2.919076612,3.8203682,5.557568654,2.851783135,3.714478507,3.792324667,5.07761374,2.260925596,3.4823959,4.691291863,4.036036447,5.512649313,4.495826982,4.740031495,4.584478371,2.922872877,3.992532216,4.46769861,2.146424828,1.192989247,3.179453056,5.242512223,8.629902426
AT1G32900,1.026920848,11.66112955,2.220555417,3.123730857,22.53617058,10.14963609,6.66932917,0.010862979,2.414650076,0.021850915,8.338790287,8.904822401,9.415074136,15.61279029,4.604886023,9.513675943,35.53419225,0,25.71382527,12.95379639,5.270453309,14.08284828,0.003170517,2.693352521,0.003057696,1.244491512,22.09531567,5.879348726,0,0,10.14677334,155.6603425,92.77070487,0,0.0587917,4.771565965
AT2G21590,0.093653959,4.759598952,0.000281434,1.489371445,10.46075232,8.859440774,1.2920733,0.010862979,0.009091081,3.707054106,1.78616637,1.971656273,2.708772959,2.602734042,3.185700223,4.821155373,5.512311284,0.06986669,9.374152973,6.328978965,1.525248476,2.447961401,0.003170517,1.508680849,1.190959638,1.103353099,1.810310986,0.769604144,0,0,2.785133301,1.890001918,0.835046603,0,0.244343659,3.490697209
AT2G36390,6.453270292,8.672213508,7.735213308,19.07188112,14.42020937,13.163142,10.73665764,6.238435566,5.420743501,31.48934529,14.1228557,16.86684709,32.94602333,12.68594425,19.38947227,10.42593998,29.89488897,6.251774152,21.0146544,11.94867092,10.14752978,10.10398319,5.691245438,17.01689344,12.26153597,20.60723559,14.2108805,11.28720877,4.744767499,6.916995985,12.78166815,6.534035315,9.679448696,6.88067585,8.94435241,14.34329444
AT2G39930,3.220627238,1.965051264,2.643927622,2.766055423,8.057564712,7.067079611,4.33542116,4.148703202,3.423458962,5.276226941,7.997314832,7.557794808,14.59267781,8.28228562,9.593205566,8.938306998,6.597846373,4.043520304,8.430862078,5.88267843,4.83279852,7.053273122,5.253457337,7.488489086,5.560582883,7.656862256,11.24331653,6.501163046,3.556180241,4.777996418,10.52530785,9.151774659,9.372900366,1.570471219,3.473608259,4.277215559
AT3G01180,4.087257682,6.328344376,4.069092801,3.213852668,5.483696409,6.698137306,4.789155642,4.26335461,3.850883975,0.021850915,6.916460964,7.108159443,8.194191388,6.154403136,6.046445034,7.355484078,5.483696409,3.137409659,6.709138024,5.90192194,5.826147457,9.036312025,3.997208035,3.699257285,3.999659071,4.261673877,7.744935804,4.064335101,3.439508708,3.96092463,6.824489146,16.52003345,12.33293368,3.481317433,4.035496433,4.277215559
AT4G18240,4.229065464,8.405696101,6.882945764,5.470630911,6.343159831,7.636552399,2.821677657,12.63580225,8.786164303,3.959446219,9.677040421,12.5247847,14.42020937,14.21005007,19.76569214,11.05030135,7.8513753,3.859684728,10.51588439,7.230320277,8.219643466,10.36465327,3.795733352,5.685999621,6.7158486,7.50401868,10.28502393,5.191420595,4.22721972,4.084519005,10.17441165,7.815108054,6.48428687,3.481317433,4.291468239,5.478337223
AT4G39210,3.678982296,8.79180469,11.74027777,9.594150663,8.910795775,10.20646798,0.356874291,0.010862979,1.777180842,14.59267781,21.55990748,20.74767149,18.34236302,5.523909497,6.918601595,14.21554695,29.82198116,1.271551728,20.14206245,9.854121289,13.32401621,19.82684461,3.643468545,3.694939944,4.397823681,7.359316782,6.726467593,4.771428431,0.508667771,1.657515672,3.717685561,9.724924137,9.040952928,0.952874437,4.035496433,6.433358457
AT5G03650,5.683630841,5.683349022,5.157146537,8.617453799,11.78907635,13.05731073,8.221753701,0.010862979,0.009091081,14.73254887,9.575337891,9.973352441,13.25479653,13.59477904,14.20916016,11.91542828,14.55844279,4.688171249,15.81060847,8.519830009,7.862897297,10.36899519,4.57276874,8.2476153,9.328312581,11.66466416,20.81500016,9.375430226,5.251654877,5.257873778,16.99520056,12.48594564,12.34173582,3.765948016,4.543930876,6.433358457
AT5G24300,8.397646288,6.233949113,4.306927061,4.72978916,10.68340188,14.06547606,10.96391196,4.103345998,3.694035586,7.877857012,10.97233906,11.78720938,13.04444836,17.28916072,19.29172042,14.56522358,8.722849882,4.840002976,21.34079529,8.632301683,8.100819971,12.98635942,5.35145841,7.070247075,8.843625809,7.90853112,29.11469487,10.89356515,4.487061652,5.312355632,21.07190986,19.4052916,20.55816873,5.036185249,7.643900922,8.629902426
AT5G19220,5.022647884,6.26226631,2.439029963,1.568674555,10.14850484,19.34003588,9.797140484,0.010862979,0.009091081,0.021850915,10.27776365,16.40025066,31.93024255,38.98548838,43.80722901,20.91762039,10.05821379,0.699952852,30.69209903,8.060003158,3.431487529,11.97924129,0.003170517,1.781324265,0.003057696,1.162582358,81.8829004,13.65530083,3.72649489,2.504109866,56.68246647,47.45396091,54.20478936,5.471269125,3.156234014,1.734109799
AT1G28130,11.05975236,33.40934376,37.35042525,38.13082604,3.387837934,0.178943899,1.260172101,0.010862979,0.009091081,0.021850915,0.00035847,0.001045535,0.001960344,0.001838323,0.564371287,1.547682257,32.99014099,21.02591888,0.785213078,25.89487044,3.453032094,1.369807603,14.0017648,7.420212824,12.17823786,16.08977318,2.217520185,16.40929773,16.11158312,21.80392376,6.639369087,0.730140308,0.064471811,10.54928345,10.51821982,4.771565965
AT1G59500,0,0,0.000281434,0,0,0.261945213,0.000275829,0.010862979,0.009091081,0.021850915,0.00035847,0.001045535,0.001960344,0.001838323,0.001454287,0.000318224,0.001632319,0,0.00027548,0,0.00016449,0.00125356,0.003170517,0.000180568,0.003057696,0.003155023,0.002076151,0,0,0,0.000403471,0,0,0,0,0
AT2G23170,4.589110998,6.476157603,10.17646465,32.01501554,6.469125951,8.289873964,8.729108866,0.010862979,0.009091081,0.021850915,0.481924483,0.001045535,1.87068562,12.37398744,22.3348849,3.996834531,36.18451477,0.962257289,0.891282573,9.040952928,96.16453197,89.55606321,3.546806959,302.5511027,2.462329543,23.36205229,0.907313805,30.33242551,3.733036539,4.498502133,9.857747893,0.323855458,25.14684042,5.259482469,0.0587917,0.162035152
AT4G27260,4.511836689,9.989070734,12.26472003,11.14394477,4.023574714,7.691854865,10.78509007,2.80774296,2.14944427,0.021850915,5.825778289,4.786029436,6.035094977,11.31772605,13.952899,7.791668944,21.13737285,7.746817874,9.489372473,7.408132479,9.040952928,6.039811332,13.15571345,43.49443221,17.19516831,6.639541945,3.52666923,28.36989604,8.029706656,7.636100312,12.68985187,2.490798276,8.805865506,16.09172577,4.035496433,2.545674963
AT4G37390,4.532123946,2.046188251,2.376231504,15.7019455,3.44338459,5.242172228,11.88588977,25.57444963,21.79254719,5.451025863,0.00035847,0.001045535,0.001960344,1.628552979,3.115792751,0.000318224,62.69668421,5.038210884,0.00027548,4.292924987,3.429772144,4.265929899,1.158758058,69.35739686,3.921631317,5.040867343,0.002076151,2.208823171,10.5443092,6.710619416,1.745919164,0.004089786,4.068761551,24.35770306,0.820385807,0.542755523
AT5G54510,5.663804118,13.64587927,17.95397913,15.80511625,5.046699728,4.751661431,3.394280626,2.117534607,2.133042261,3.57553846,3.722721908,0.001045535,1.802716096,5.022167652,5.672980751,15.19937852,27.24010019,6.937487631,3.709022344,9.599976353,10.06327938,0.00125356,33.35917822,58.42754488,14.0701942,33.98915551,2.487872497,56.12643968,7.610171593,8.439442619,16.14376567,2.099776217,6.09582537,20.60814228,4.035496433,3.194052443
AT4G30120,0.254618618,0,0.000281434,0,0,0,0.000275829,0.010862979,0.009091081,0.021850915,0.00035847,0.001045535,0.001960344,0.001838323,0.001454287,0.000318224,0.953583059,0.86950858,0.00027548,0,0.00016449,0.00125356,1.235473909,0.000180568,0.003057696,0.003155023,0.002076151,0,3.483859971,1.38062747,0.000403471,0.308413046,1.016928473,0.127306443,0,0.067830869
AT1G35580,38.93689166,6.551665969,6.64053668,5.90125721,12.68915436,13.59851114,11.55146063,4.568093192,4.058762508,0.021850915,19.98248253,19.74468871,12.50811103,16.28547501,18.66118358,23.05587818,7.125569113,39.12803719,12.45690296,10.27900048,7.80903807,7.640995834,12.96917172,24.69360216,29.43244464,21.83921902,11.53353071,20.96065636,50.06864714,35.2374609,19.06042749,10.51673066,12.15919641,23.51819866,33.41358691,32.76329368
AT1G56560,5.835888814,7.427622241,5.990214517,7.433077554,4.006503337,4.801313955,3.608537462,6.794226666,8.013323251,13.05954736,5.264201806,5.245873554,6.150998679,5.049756454,5.115929386,4.780640094,7.540203686,4.509871693,5.21750752,5.468285553,6.030383934,8.478933264,5.350628544,3.408978129,3.976816373,3.460234218,5.263438718,3.847682547,6.852424908,5.012280196,4.311227376,6.716428903,6.322921437,5.89499759,4.779238168,3.768798343
AT2G36190,0.003825846,6.0853072,2.485525236,4.530353966,1.975970859,4.522306928,0.695932674,0.010862979,0.009091081,9.573978501,0.00035847,0.001045535,0.001960344,0.001838323,0.001454287,0.000318224,0.001632319,0,0.00027548,14.74050998,0.00016449,0.00125356,0.003170517,0.000180568,0.003057696,0.003155023,0.002076151,0,0,0,0.000403471,0,0,0,0,0
AT3G13790,45.22369823,8.621278137,1.59804629,0,5.217813061,1.125116044,14.84450082,2.242618953,1.76278197,4.324100423,0.00035847,0.001045535,1.19421683,24.64400082,20.56208582,13.86112534,7.751893776,31.93024255,0.00027548,5.640873925,4.795110249,0.544814563,18.98534685,34.04838249,13.24271496,44.58585806,8.055278708,4.062774404,50.84384813,41.26540424,8.61773951,2.919695824,11.88380476,30.13346372,41.07945029,22.24376252
AT4G09510,3.710395897,0,2.153583318,1.864847181,6.840588942,6.679611213,8.025632993,0.010862979,0.009091081,4.768145363,4.478069269,3.409726792,2.6979198,1.917968747,2.486611911,3.745644304,2.641576994,3.248241809,3.112534197,5.942146806,3.42175974,2.014377365,7.812656273,3.693058991,2.612120967,3.565214541,2.663122338,4.487517937,1.743764445,2.881845211,3.824982621,2.555556204,1.028219685,3.481317433,4.543930876,5.011925065
AT5G22510,5.224846395,12.18642284,11.235534,8.225289523,9.638712753,8.60903467,7.173123832,11.65447509,8.439442619,5.118092863,10.69503968,11.8109,17.58255282,15.63901442,15.14501831,12.33293368,11.7257632,5.431839237,11.44917864,9.677627896,8.134389106,9.920387476,9.137603323,7.790981465,6.327723042,8.715953644,15.62134101,8.63439631,5.669425327,5.034093977,13.05731073,14.86981505,15.75347592,7.817372141,5.697587564,6.659833789
AT3G45070,20.96691263,0,0.000281434,0,0,0,0.000275829,0.010862979,0.009091081,0.021850915,2.772496483,1.968926428,0.001960344,0.001838323,0.001454287,0.000318224,0.001632319,22.07976913,0.890209497,0,0.00016449,0.00125356,0.003170517,0.000180568,0.003057696,0.003155023,0.002076151,1.891358751,26.47715738,24.65005151,0.000403471,0,0,19.41021056,4.779238168,0.162035152
AT4G11640,0.957962665,0.780628295,2.020118857,0.378262008,2.727380068,2.364614758,6.665827836,3.57553846,2.538488209,0.021850915,1.904833607,1.891358751,2.487082967,2.318597132,2.416556131,1.042285755,0.877138111,0.32174427,1.808004924,1.495686558,0.774086539,0.975610631,5.826476078,2.065850989,2.109411272,2.463176001,2.618728007,0.780628295,0,0.531907817,2.845160658,2.424295561,2.888723138,1.570471219,2.799213659,4.771565965
AT1G07810,13.50911316,13.25583475,12.13473161,8.35168853,6.349638045,5.423636204,5.920593719,5.277953277,7.393359127,2.971883798,5.789940727,6.197375094,6.554217007,4.845995041,5.26254473,5.29643207,15.31710317,9.113450363,5.054637738,10.27116466,12.71511076,14.13050989,8.188818806,10.28375246,10.3331284,9.109363144,5.718681309,6.05425644,8.615089941,8.988257669,6.924017031,8.844289584,6.690924968,6.104842703,10.69601204,9.296971688
AT1G10130,9.907480196,4.017324854,3.988830371,3.240255312,7.247332269,5.904279111,3.966595444,3.458122666,2.497121027,0.021850915,6.681874291,6.937487631,4.803059612,4.823213684,5.68025571,6.15294393,4.486512742,7.210248934,6.09582537,5.636015956,4.402871387,4.484822958,7.495759513,8.48649233,7.395878889,5.63683143,4.840418598,5.007406382,7.593369539,7.833825204,6.358773545,5.92958609,4.789504922,6.88067585,14.75362886,13.5486011
AT3G21180,5.666063953,18.70251365,26.20047941,95.37569479,4.500569888,0.725100474,0.000275829,0.010862979,0.009091081,100.1052039,0.00035847,0.001045535,0.001960344,0.001838323,0.001454287,0.000318224,0.001632319,0.891282573,2.345145205,26.01537639,0.687117265,1.577179352,0.003170517,0.401433905,0.003057696,0.003155023,0.002076151,0,6.356368641,1.897647472,0.000403471,0,0.065608547,11.24933949,7.090430587,0.162035152
AT4G37270,6.261494391,7.827730175,6.596323295,5.986736329,5.263779746,6.681377821,6.106577548,6.668892683,5.476867692,8.864231939,8.861975301,9.599976353,10.190105,9.124667626,10.19240111,8.581395634,8.72046046,5.154086589,10.86510664,6.134143823,8.025632993,10.68392063,4.036711263,4.729170236,4.076060821,4.838620415,11.57439177,7.04869593,7.835750075,5.659208326,9.502247235,13.18704244,13.77605224,9.797764238,6.314333011,5.011925065
AT4G37640,13.66062601,17.48161987,11.7478474,10.3695949,14.76756052,6.846727864,8.042856758,4.061244135,6.280417851,15.90972229,7.603411269,7.220321425,7.801597954,14.57639248,11.91301802,11.30557919,17.47497933,9.143457552,7.49856118,12.01475602,11.13509782,9.026772369,10.34141995,10.69955995,9.108949182,10.8288178,4.915153109,5.038210884,11.49128781,9.925491342,4.735156573,7.501005646,31.61740438,13.54241427,13.93592758,8.866374071
AT5G57110,18.35913477,5.117062433,6.092215485,6.595781412,21.99211455,12.80669731,9.471614502,12.99022594,9.911786457,7.595354419,13.71241082,14.76173632,5.079934318,5.91629601,9.60199034,7.018548653,8.427214006,17.73273288,7.277493035,17.90667044,11.97559301,10.5289704,11.91424916,19.23514604,14.45154057,12.99470742,5.386133134,11.28624406,20.13512785,23.03968822,6.700779895,3.500424815,3.769398671,28.28043384,19.68913449,18.63597882
AT4G33510,6.976706788,24.98014929,20.38907369,15.70620121,15.3795909,18.80008054,15.31133354,59.84317112,55.47473646,10.33524242,22.52383978,23.98902984,34.22631329,37.74052592,38.451825,26.00487447,26.88620763,11.31943988,20.25909723,19.8058578,25.8110548,43.35388979,12.67283603,16.10306061,11.19007513,16.71782232,38.24420834,19.68679939,11.64672625,11.49725561,33.02627625,25.09106607,26.67152993,9.103659799,6.114144503,7.359316782
AT4G39980,26.93355701,10.35268895,4.005592434,3.979487107,15.22990884,17.19671328,25.71992659,8.220470541,8.387343467,8.846922426,26.68147794,32.52358115,11.36207114,15.21064354,13.1139154,26.15597143,9.594150663,21.98751475,13.71973334,10.60734423,19.68679939,20.55816873,21.58846338,46.83447548,17.96062282,21.69265014,11.79688978,13.36562828,14.81552469,22.22171626,10.06057558,5.91670554,20.94558301,18.85163358,14.75362886,23.95647979
AT2G21940,5.788249371,6.540741774,15.42213128,11.19759216,4.992743355,5.273510546,4.044844073,14.6110896,10.61999628,6.830499573,8.520640041,9.028143064,8.596029292,6.551391292,6.869138331,6.333261044,8.792145152,6.71107705,5.736566348,8.921663009,8.604917591,9.502518562,8.474106849,7.217168521,6.334967962,11.19426729,4.755677734,5.300171216,8.673028415,6.332280335,5.00103978,4.915153109,6.685931487,10.7238971,3.758993136,4.277215559
AT2G45300,17.46570544,10.04931665,8.349288701,8.385398572,7.604358529,9.22268391,7.051248582,0.010862979,0.009091081,6.324574259,16.91688696,18.62504133,5.272494173,7.393747607,6.08800027,7.060360691,8.289873964,18.980815,15.27516405,10.27287849,11.47015196,11.53538487,16.54248041,13.16955607,11.90843628,18.12971816,10.15484105,11.72444173,19.98248253,20.04876446,9.862262721,6.337273821,9.31887489,17.26829514,8.407281793,9.721771246
AT4G39540,9.495454218,8.057564712,8.181941372,6.044673653,10.17703606,13.05954736,14.10842611,2.630871933,2.514875541,8.944873813,17.25699084,16.52003345,18.88603644,13.25724503,14.3393066,15.63790837,12.87261694,11.23991137,13.04935627,8.38809243,10.7959867,10.11233884,8.738444324,9.726447624,8.01954602,13.82350874,16.13170437,13.56198922,12.45119523,10.98485402,17.24970353,11.71999026,12.45562813,14.08683692,7.643900922,11.95903184
AT3G07270,8.238232987,6.271712265,5.259770392,10.02018715,3.435647065,7.99027864,5.559653386,7.634644712,6.699454392,23.05587818,8.721006288,9.668605524,7.825384797,9.583046116,9.142211992,11.46544161,6.337273821,12.87563792,9.989371122,4.483605224,6.433134285,7.562989073,13.14783191,11.11472424,5.306606745,6.051656963,11.29743254,12.97375272,7.869212307,10.34141995,9.484382224,10.19304029,9.971364088,5.89499759,10.16361977,11.49854109
AT3G11750,0.19890102,1.0846872,0.902277346,1.114012477,0.925221305,4.978810346,0.000275829,5.437472733,4.992743355,3.54109829,2.500720151,2.416556131,4.147080413,2.989456672,3.68147243,4.078694864,2.986023562,0.09031808,1.792670628,0.470167258,1.560139,2.937045549,0.003170517,0.000180568,4.077950411,1.542905927,5.433317025,1.896708726,0.269863604,0,4.583769458,3.229512213,4.349816624,0.127306443,0.820385807,1.734109799
AT4G33520,3.507820491,9.369157961,5.940045655,5.821911652,7.792071083,12.80178098,3.920892305,4.390690425,3.831805799,3.440375048,7.173861586,8.223211792,12.12204965,13.05104575,12.34517086,9.026072416,7.128845166,4.276179161,8.570815545,7.312857566,9.596220232,10.17646465,9.106859808,9.586346692,10.33108526,14.66049558,18.70024827,6.708873135,2.046821054,4.101234122,15.27516405,10.10724195,10.69601204,3.179453056,3.758993136,6.433358457
AT5G21930,0.987452872,3.771683148,5.932188569,3.430255896,3.957504894,6.448799526,3.318441891,2.256362546,0.009091081,0.021850915,5.723021091,6.833375768,10.17998973,8.950239228,9.73177899,8.996916854,3.164181976,1.531202016,7.645054123,3.387837934,3.711399727,4.341047644,1.5150917,2.874636541,2.343643388,4.224319659,16.83360807,4.74359122,1.57400254,1.011861405,15.38664742,20.4177292,20.12460849,2.063431517,1.927265861,2.884082229
AT1G63440,4.275421193,7.430234484,8.195366971,6.869138331,0.061265223,0.096144482,1.000825749,9.098455126,8.793400689,13.32401621,0.947312732,1.11201981,2.052239435,0.001838323,0.585378987,0.569615061,14.34210693,7.078152246,0.567593706,2.824753341,3.205082491,1.755342038,7.085847776,8.025632993,11.95202164,13.32038844,0.002076151,1.978396665,5.991399057,4.933335588,0.531439153,1.09852142,4.306595285,4.292725257,1.377352849,2.199294443
AT3G45130,0.496419972,1.377920079,0.000281434,4.567658359,0,0,3.222119838,0.010862979,0.009091081,0.021850915,5.943532519,7.358799971,0.001960344,0.001838323,0.001454287,0.000318224,1.663077581,5.35145841,2.0389339,0.72843141,1.556197334,6.13154631,0.003170517,0.000180568,0.003057696,0.003155023,0.002076151,0,1.426012719,1.53819145,0.000403471,0.052304939,0.019483168,0.127306443,0.820385807,0.977780615
AT3G21110,7.404678366,3.227496148,2.662080679,2.115491199,6.035622128,4.929940848,6.034238881,7.840653254,6.43905028,6.121750908,4.311942675,4.772605749,4.256351868,2.66145028,2.426781947,2.527646791,3.832263406,5.895956816,3.690323681,5.043987299,3.847356022,4.034493351,8.845515918,7.83245244,25.22371518,14.6444181,6.26226631,5.079934318,3.689009373,6.484714696,6.456628896,5.061865041,6.116006572,2.489375461,4.779238168,12.71076646
AT1G09830,8.020030753,3.434257548,2.447470652,2.206245722,4.579049013,4.761969511,4.244694568,4.153239997,4.143758734,4.107241727,4.30778375,4.252382958,6.454188421,6.254866737,6.452313064,5.113093717,4.650923259,5.90003976,3.715142783,3.524560418,3.16789886,4.345737436,7.876208757,5.489179297,10.37229328,5.471962359,9.465319051,6.166233757,5.06882854,6.668105223,7.865306259,7.090213105,8.183973857,4.804450277,4.035496433,12.17291996
AT1G31220,4.054372618,3.995822113,2.861168302,2.259452923,3.46558805,3.78155176,3.417450518,5.500252249,7.306551151,0.021850915,3.117603028,3.179453056,4.005985369,4.249846893,4.361661354,3.320062094,3.519470354,3.238525626,3.212680032,2.652587611,2.90924444,4.106667469,4.46847964,4.040827323,3.963690983,3.469115616,3.972849204,2.66051159,2.884371999,3.439930271,3.116499513,4.782752323,4.331528595,4.292725257,5.475171737,6.659833789
AT3G55010,14.57047205,3.252329427,2.462329543,1.545217266,10.52450719,8.038965212,3.768305707,4.921807187,5.725552129,0.021850915,7.807081167,7.304280886,5.461654267,4.250627652,3.851442949,5.877023284,4.312107045,10.89539244,4.751922832,7.622030151,5.90003976,4.536217371,16.99025416,8.670027484,29.49385587,9.306758071,8.411031632,10.20405824,6.45190472,12.61656704,8.396202969,5.474455461,4.085607081,5.036185249,8.597026821,24.52999849
AT4G34740,5.70537835,4.504619826,2.098808822,1.155423133,3.007513871,4.293689706,4.781410659,9.847319199,23.31451032,0.021850915,3.478751518,3.515319977,4.922855628,4.520210194,4.138060641,4.012736216,3.474773094,3.458122666,3.001084698,2.563758897,3.819043242,4.81135595,5.434679661,3.522164712,7.113560551,4.240306842,9.314680259,5.986066928,2.920153046,4.040366491,8.941331666,8.945949923,8.621278137,2.850950429,2.799213659,6.892014255
AT1G69370,4.466329594,7.439546889,12.26375342,11.46253934,9.835740886,8.622726089,5.914285955,4.974953963,4.096902043,10.8810085,9.654193833,8.474106849,6.67294643,7.612186899,7.12064782,13.17808081,4.560618101,5.069525757,5.51324937,10.51673066,5.956245143,6.679935042,9.989070734,5.713727668,5.661815162,6.030035497,4.469634759,5.506317808,5.507554038,4.772605749,4.506257996,3.006077283,1.79523762,4.554812808,5.009944989,6.659833789
AT2G22250,11.78287406,2.522579181,2.563122858,2.81594537,7.982417892,9.309089135,8.016275386,4.008729246,3.735022779,0.021850915,12.88575338,11.58054731,4.553777186,4.263947638,4.588234501,6.334000056,3.78720124,11.74269357,9.98520727,5.828066564,4.489358446,5.879348726,11.31405451,8.442084572,9.956046039,12.95732005,5.715778656,6.551665969,11.55146063,12.27532965,4.973643295,3.722186074,3.710395897,15.47808344,9.845073831,11.72781494
AT3G29200,12.12841101,11.37565687,9.586346692,6.901652508,5.824767061,8.349288701,13.94942135,6.25369937,6.13358679,5.317444616,10.61074476,10.29524594,7.01811246,5.059608589,4.588606979,4.920600562,11.65516672,8.840808214,13.39522855,7.944840721,13.24889944,16.10459782,12.48912418,5.007575183,10.79520688,18.87353714,8.629575191,6.492920031,11.70815817,9.189999835,7.987318636,7.820227845,8.138914892,19.22531405,14.75362886,9.101898221
AT5G10870,5.907652356,3.540695888,3.257220363,4.789504922,4.339579033,5.01781649,6.330252307,6.161999748,5.889975756,8.190852716,5.05305063,4.568093192,6.11668717,6.469125951,6.88814891,5.692939306,4.601288649,6.842432303,3.50882182,3.402623334,3.221113613,3.528348052,6.319896138,4.735715148,8.102250766,7.534140303,4.098499155,4.152392278,8.045015638,6.481586499,4.313140078,3.283544501,3.60734881,7.236486763,7.837686822,7.121063702
AT2G40690,1.63492696,1.169160013,2.514036221,3.506913483,3.149435207,4.398280597,3.265748277,2.073591075,0.009091081,4.652626352,2.117875365,2.100941859,2.778739255,2.205207808,2.720222074,2.280078835,1.849372833,1.272578025,3.107663572,2.105467813,1.080445377,1.519102541,1.157184718,1.258788768,3.406964768,2.243947235,4.650144641,1.985103384,0.822951389,1.763321256,5.037260381,3.230857874,3.844985098,1.570471219,3.156234014,5.011925065
AT2G41540,18.78576015,10.73100406,45.95338001,24.80932233,24.29354374,19.33847138,10.2046685,5.043115379,3.769055031,0.021850915,1.503037107,1.666427078,1.440823741,5.746497985,7.600759564,4.281548022,10.54608749,10.68630216,7.594644522,33.1646052,3.727656612,3.216340596,26.4694381,5.448069773,11.30849836,4.646118268,4.844545729,10.69074741,13.93515755,13.38763494,10.83037893,2.640607517,4.807186422,10.19456098,4.291468239,5.011925065
AT5G40610,9.114155679,3.543891863,5.877734392,17.08813936,8.14280703,6.969600154,34.83722363,2.650713853,1.878352572,32.38203626,3.420965146,3.053129703,2.410453383,3.485308963,3.13696803,6.677712205,1.601706154,6.348926812,6.04145822,6.259981678,2.454783745,2.441361407,3.441961077,3.494773831,10.7238971,5.380524008,8.614005908,8.064140498,4.301137027,7.081914252,9.055916932,3.490062162,3.833872194,3.179453056,14.10650615,16.08410963
AT4G34640,25.70196793,9.689120358,9.279836938,13.10334264,17.63251746,18.64650279,8.205351473,0.010862979,0.009091081,18.69820676,14.09518229,15.26279564,13.37344458,12.80953715,14.60116441,11.71490952,9.472254305,20.74318664,11.88712164,12.48517809,8.790095443,10.27715225,12.8896184,17.47267126,15.31710317,11.37996522,11.55993674,16.46290716,24.78561341,24.22484099,16.46977671,13.91696763,12.12028534,20.1199318,32.98645924,27.21220832
AT4G34650,0.064070053,0,1.776652799,4.068927176,0,0.17731359,0.000275829,0.010862979,0.009091081,0.021850915,0.00035847,0.7229205,1.882301246,3.256800158,3.746059033,3.096590901,0.001632319,0,0.838548051,0.915015922,0.00016449,0.00125356,0.003170517,0.000180568,0.003057696,0.003155023,2.232932168,3.113335387,0,0.161535681,1.640825479,5.298230155,4.253939862,0.437070928,0.0587917,0
AT3G06810,9.576731878,30.88495126,21.42639843,17.08190003,5.65447192,4.974508761,5.065113786,34.74606929,24.34487655,19.06305475,8.138520648,7.832064202,8.616256261,6.121750908,7.295268246,7.607566891,40.53539108,9.650213415,4.908994961,15.75594119,26.18314446,29.94458817,9.911786457,15.15540815,7.754570426,17.6505632,7.21612298,7.017020951,11.18103498,10.09500809,8.899223433,7.796671051,9.659442238,8.581763373,5.908040537,8.032105654
AT4G05530,11.2963989,17.96062282,17.92504009,12.67927546,13.35366718,15.80825147,8.719417563,21.13866003,17.63251746,12.85158265,13.76708343,11.85123157,17.54761056,8.583957329,9.684347521,9.865184077,23.90740396,13.54680885,9.269852006,14.09518229,13.20462308,16.82309793,6.688867643,10.82534209,9.283057478,14.76355195,7.298551919,11.05534741,11.78543997,10.54608749,7.301665721,13.71534704,8.285406909,14.26331248,13.1706177,11.95903184
AT1G05680,27.54744453,19.7421919,3.283917783,0,3.49306201,4.728727005,0.000275829,39.09840103,52.7616214,0.021850915,0.00035847,0.001045535,1.977637909,0.001838323,0.001454287,0.000318224,29.78706969,2.540932246,5.065710164,8.053105908,5.191964013,26.55032532,6.44842767,0.874609737,1.876333992,0.003155023,0.002076151,0,7.650354219,5.429457897,0.000403471,0.032142152,38.32056299,8.388273004,22.54491631,12.17291996
AT2G36750,0.041415898,3.710395897,0.355809842,0,0,0.091876133,0.000275829,3.125251501,3.478751518,0.021850915,0.00035847,0.001045535,0.001960344,0.001838323,0.001454287,0.000318224,4.098857628,0,0.421153169,0.105208583,1.407160777,3.716944585,0.003170517,0.000180568,0.003057696,0.003155023,1.17094925,0,0,0,0.000403471,0.004877738,0.028471176,0,0,0
AT1G61720,0,0,0.000281434,0,26.02170465,158.4155166,5.955021357,0.010862979,0.009091081,0.021850915,0.00035847,0.001045535,0.001960344,0.001838323,0.001454287,0.000318224,0.001632319,0,0.00027548,6.854051281,0.00016449,1.849640744,0.003170517,0.000180568,0.003057696,0.003155023,0.002076151,0,0,0,0.000403471,0,0.77687658,0,0,0
AT4G24220,59.91186792,53.01789839,47.92738592,30.20012328,11.97457765,10.1988872,39.50922589,100.238945,121.7035481,16.81905856,41.99186829,43.49443221,45.26572425,49.94577936,55.40467381,29.9050627,78.37038189,34.91272026,16.08467326,28.99326366,40.68385443,74.85340048,24.12608214,46.69974539,14.34448195,20.56883165,28.85909788,27.42001944,50.18474066,32.65605768,31.70155754,36.80898254,27.54744453,63.2534022,37.16993431,20.96571294
AT1G15950,35.42299459,31.45155986,21.99211455,17.23190977,12.61316209,17.19986376,33.73894346,21.98598944,17.66671358,4.251319601,63.73792029,71.11446672,24.06012847,25.92433694,23.51190301,28.99326366,28.71449663,34.51251899,61.23206836,17.43198808,68.72663108,77.01645284,22.54021545,49.27019548,7.612186899,27.36168429,21.35039047,27.48830466,24.36371688,29.47906618,15.49600148,68.72663108,39.25055803,9.285103885,4.291468239,2.884082229
AT2G21730,0,0,0.000281434,0,0,0,0.000275829,0.010862979,0.009091081,2.935119713,0.418372994,0.001045535,0.001960344,0.001838323,0.001454287,0.000318224,0.001632319,0,0.00027548,0,0.00016449,0.00125356,0.003170517,0.000180568,0.003057696,1.502094756,0.002076151,0,0,0,0.000403471,1.234933357,0,0,0,0
AT2G21890,0,0.242647563,0.000281434,0,0,0,0.000275829,0.010862979,0.009091081,0.021850915,0.691835132,0.001045535,1.525248476,0.86063835,0.828925134,0.355809842,0.001632319,0,0.455452603,0,0.00016449,0.00125356,0.003170517,0.000180568,0.003057696,0.003155023,0.002076151,0,0,0,0.000403471,2.078656193,0.000397436,0,0,0
AT3G19450,84.13625032,2.376231504,1.80018273,3.254996382,3.569799212,5.865483002,22.14641226,2.093196187,0.009091081,2.859308213,20.76268061,23.26765148,7.11762249,9.112765076,6.707283723,8.845515918,6.497424178,28.92979073,13.952899,3.209389424,9.464526645,13.93066538,3.430656211,9.139809758,4.008436398,8.523230012,27.7064312,13.06385377,86.28680268,40.53539108,16.65841136,27.93754424,22.96332252,256.542956,32.17526596,10.90248227
AT4G34230,21.20148404,52.47479028,24.52823046,24.66104041,9.768304011,15.46333264,9.665753567,0.010862979,3.040297177,5.655376035,101.4905442,108.6214518,14.80757153,20.38907369,13.80569987,7.998701222,99.7430054,24.95525807,35.54022718,26.61529557,162.6013186,114.9968459,56.78646722,50.84384813,16.06821152,93.26948407,6.866543342,12.48517809,22.87015745,23.38170094,6.318410077,12.78820353,53.53783272,27.85994459,5.697587564,0.8990072
AT4G37980,0.028363599,61.01998084,25.44078328,18.93104093,6.977136546,12.99470742,0.000275829,0.010862979,3.24243393,2.840915857,0.00035847,0.001045535,34.11742295,23.36205229,22.38302654,6.125963579,129.0619748,0,2.555064497,19.29172042,6.251774152,6.927001884,0.003170517,0.000180568,0.003057696,0.003155023,17.02428223,0,0,0,13.35366718,28.34101852,18.93596832,0,0,0
AT4G37990,0.009213622,193.1484035,35.42299459,21.80392376,2.208458692,0.138353614,0.000275829,2.056139808,4.097281009,16.52510979,0.00035847,0.001045535,0.001960344,3.608537462,1.169806712,0.000318224,272.7606408,0,0.00027548,38.20039456,9.448838512,4.322041671,2.636265067,0.000180568,0.003057696,0.003155023,0.002076151,0,0,0,0.000403471,1.630208615,107.0609633,0,0,0
AT4G39330,4.971262625,2.924826956,12.16593307,17.41781683,168.5360185,176.9293505,27.86271363,0.010862979,0.009091081,5.685249372,2.127403008,1.893540229,6.932544563,107.8370731,103.0996751,27.54744453,0.542074136,5.91629601,34.61175352,178.477327,5.423636204,5.240355396,0.003170517,2.813796569,12.35732209,0.003155023,26.55801265,20.23534274,2.051108027,6.392403424,37.16993431,24.2095341,0.476313794,0.020262441,0,0.067830869
AT1G76790,56.82976779,0.276801514,1.579480451,4.829717993,2.312192276,0.07746112,5.146750311,0.010862979,0.009091081,0.021850915,1.554625434,2.127403008,2.643490661,3.469418628,3.27856349,5.663257533,6.82600038,34.68464113,0.00027548,5.652756359,0.00016449,1.713045909,0.003170517,55.78779528,3.769763004,3.423819417,3.177910367,21.60060126,40.22603252,51.67292916,1.76419422,0.275222941,0.067227271,45.81827156,14.75362886,28.26699881
AT4G31500,40.53539108,29.11469487,9.042528851,8.349288701,13.15193048,5.948578972,3.197262306,2.919076612,4.49035222,4.241834069,57.43831135,74.61668182,95.64350674,40.31290539,38.49471554,126.94674,25.71110151,65.6174456,3.84530995,14.57639248,22.45998466,12.52771921,82.57110347,57.38274641,8.920795669,40.94183453,31.81166259,65.22005593,35.16171675,72.15764148,16.5391448,50.06864714,22.22707656,32.60261204,7.475692178,12.71076646
AT4G37410,181.7224326,1.789378742,0.000281434,2.225210846,0,0,0.000275829,0.010862979,0.009091081,4.329126766,0.00035847,0.001045535,0.001960344,0.001838323,0.001454287,1.971176224,0.001632319,187.9402674,0.00027548,0.800009326,0.00016449,0.00125356,0.003170517,125.2945989,0.003057696,0.003155023,0.002076151,49.64090956,235.7730551,337.83891,2.476285671,0.010896309,0,6.278369671,3.473608259,5.247177628
AT4G15370,0.050995613,0,0.000281434,0,0,0,0.000275829,0.010862979,0.009091081,0.021850915,0.00035847,0.001045535,0.001960344,0.001838323,0.001454287,0.000318224,0.001632319,0,0.00027548,0,0.00016449,0.00125356,0.003170517,0.000180568,0.003057696,0.003155023,0.002076151,0,0,0,0.000403471,0,0,0,0.30891128,1.238782626
AT4G15340,6.498857824,0,0.000281434,0,0,0,0.000275829,0.010862979,0.009091081,0.021850915,0.00035847,0.001045535,0.001960344,0.001838323,0.001454287,0.000318224,0.001632319,5.4288924,0.00027548,0,0.00016449,0.00125356,0.003170517,1.499659948,0.003057696,0.003155023,0.002076151,1.02205527,12.34067053,5.474024936,0.000403471,0,0,13.03460223,0.820385807,0.162035152
AT5G42600,7.859617005,0,0.000281434,0,0,0,0.000275829,0.010862979,0.009091081,0.021850915,0.00035847,0.001045535,0.001960344,0.001838323,0.001454287,0.000318224,0.001632319,3.964187336,0.00027548,0,0.00016449,0.00125356,0.003170517,0.000180568,0.003057696,0.003155023,0.002076151,0,6.451136443,0,0.000403471,0,0,60.05582165,2.799213659,1.238782626
AT1G01220,4.48998559,2.139398695,2.563758897,2.095298467,3.407291083,4.834011972,0.505111501,2.842298908,3.171542809,0.021850915,3.980329097,4.217002623,4.532454632,4.605763453,5.21293329,4.559724404,2.901561792,3.644870131,6.318410077,2.366599794,3.357826338,3.646339948,2.938200442,3.268572935,3.251603609,3.523887833,4.484405015,4.3166917,3.796157036,3.809789996,4.349816624,4.769264466,4.144569986,4.554812808,7.090430587,5.478337223
AT1G12640,13.10943712,28.06673053,24.29354374,23.78377838,5.562154776,6.643680312,7.441739901,10.0028758,8.329284445,25.56597404,9.153930688,10.05967515,9.499270947,8.242962218,8.235275515,7.220451879,52.40164618,9.978247679,7.870612219,18.40463046,15.38566376,18.47238453,5.443199952,7.359316782,9.336182861,8.704024856,6.980642392,5.429457897,14.0741716,10.16989775,7.602559072,10.69955995,8.587973744,16.95134705,15.21064354,11.1198301
AT5G47990,94.55892338,0,0.000281434,0,0,0,0.000275829,0.010862979,0.009091081,0.021850915,0.00035847,0.001045535,0.001960344,0.001838323,0.001454287,0.000318224,0.001632319,42.93802558,0.00027548,0,0.00016449,0.00125356,0.003170517,11.99058237,0.003057696,0.003155023,0.002076151,1.376039342,85.92128567,44.82857476,0.000403471,0,0,92.574966,20.91611023,11.31374794
AT5G48000,46.42720199,0,0.000281434,0,0,0,0.000275829,0.010862979,0.009091081,0.021850915,0.00035847,0.001045535,0.001960344,0.001838323,0.001454287,0.000318224,0.001632319,35.93280944,0.00027548,0,0.00016449,0.00125356,0.003170517,19.15184201,0.003057696,0.003155023,0.002076151,7.696388707,52.89785547,48.34477781,0.000403471,0.039405515,0.000270143,40.43904773,13.1706177,4.771565965
AT5G48010,53.66382218,0,0.000281434,0,0,0,0.000275829,0.010862979,0.009091081,0.021850915,0.00035847,0.001045535,0.001960344,0.001838323,0.001454287,0.000318224,0.830179678,26.66814329,0.00027548,0,0.00016449,0.00125356,0.003170517,8.284223499,0.003057696,0.003155023,0.002076151,2.979665749,52.47479028,33.81892828,0.000403471,0.015823876,0,28.04961009,10.34304434,2.545674963
AT5G25130,0.141721792,6.971274301,0.514063428,2.525429224,0,0.662554526,2.649997513,7.309577186,7.008673652,9.148356458,13.56084808,13.98938212,9.471614502,7.484425725,7.313667915,2.989456672,5.426531467,0,1.436738339,1.435751565,42.01074229,76.27932597,5.51324937,0.000180568,0.003057696,0.003155023,2.526262116,3.45137273,0.259857816,0,1.860014403,7.239464872,5.688041863,0.05986572,0,0
AT1G08510,20.04876446,46.21200253,154.6881933,57.38274641,21.98598944,23.83281002,11.20049365,6.553822909,6.903954935,52.40164618,18.20582048,19.93748133,20.90771306,19.82459353,22.97237891,24.10392627,12.71035575,16.87112187,70.38460453,58.3266941,36.83556807,34.10529263,12.44038858,15.65238581,13.81325969,12.17914093,17.79154636,21.35039047,17.10546848,18.2111871,22.07976913,30.49024073,18.80816559,22.52383978,25.9000964,12.53247446
AT1G24360,58.78873529,9.460736188,9.595249166,7.222575963,44.10036284,29.95884968,85.58337133,6.505085745,5.244333707,0.021850915,15.92208943,14.46614325,18.15695317,25.22670367,26.4694381,22.54651169,11.79832955,40.68385443,14.73067648,24.99903809,14.58393394,14.86416461,27.10328973,26.35455472,55.93779579,31.67624119,24.59860197,35.58888144,28.63579478,42.23089418,33.65340396,18.63520327,16.29499335,18.85163358,55.599901,70.65699843
AT1G35250,6.330252307,0,1.357951305,0.968734483,0,0.232320403,0.000275829,0.010862979,0.009091081,0.021850915,1.270412358,1.549165216,0.001960344,0.001838323,0.001454287,0.000318224,0.001632319,12.36614978,0.69848422,0.098879416,1.58593508,1.793840083,0.003170517,0.000180568,0.003057696,0.003155023,0.002076151,3.844985098,6.867397191,11.0645557,0.498102138,0.009048447,0,2.489375461,0.114678863,0
AT1G35290,0.118907292,0.443994214,19.34306522,2.151796825,1.548690379,6.733162287,4.317764813,0.010862979,0.009091081,0.021850915,4.697936918,4.808184763,0.001960344,0.001838323,0.001454287,0.000318224,0.001632319,0,67.34397609,7.592651091,2.854947003,0.674433364,0.003170517,0.000180568,0.003057696,0.003155023,0.002076151,31.36800567,0,0,1.731132433,0,0,0.437070928,0,0
AT1G68260,3.414294589,5.060605188,6.050951523,9.337277528,8.431090732,10.64878938,14.28654667,2.934160147,2.093818448,13.3813772,9.478913447,7.821574781,4.840002976,11.19963974,11.95289732,15.42453509,6.860007429,6.630778757,9.461830407,6.832947043,4.516151703,4.277794155,5.237953689,5.889975756,4.747288409,4.529157263,13.77240581,14.07824938,4.243333461,5.457841127,12.51256228,6.901652508,7.013525161,3.179453056,7.282510706,7.121063702
AT1G68280,0,0,0,0,0,0,0,0,0,0,0,0,0,0,0,0,0,0,0,0,0,0,0,0,0,0,0,0,0,0,0,0,0,0,0,0
AT2G22230,18.5207322,0.687509506,0.747723746,0.717486381,10.60335578,16.10565753,48.12633948,0.010862979,0.009091081,2.813310511,6.10437269,6.321000581,7.291556154,12.32005727,11.11584855,10.29131332,3.209389424,11.05150701,6.095563846,7.058833586,5.470630911,5.161268321,7.235510485,5.044523508,11.80001234,5.879348726,15.47085336,12.98497371,9.599439112,12.87361816,17.83073001,9.115979878,10.55392333,7.075016849,20.07269031,28.88215612
AT3G25110,21.47181131,1.451192456,1.115859943,0.66770201,6.843162209,8.520640041,31.11115013,2.458837544,2.141697228,0.021850915,3.09276142,2.831292617,1.737413393,2.489759877,2.614306411,3.502937981,1.876333992,12.85224069,5.569870124,4.550572261,2.977829442,3.748894232,3.192377766,6.868354575,11.18401652,7.536620999,2.337484146,8.576137797,11.20134755,13.92731399,2.364247226,2.366965137,0.819178723,6.88067585,15.92740862,14.74189005
AT1G74960,18.25426231,8.231915901,7.693394516,8.846922426,14.21005007,11.44917864,43.84406855,2.93212847,2.014377365,14.76006898,9.48529458,9.591115435,12.37398744,15.5363187,16.64182399,15.37486346,6.684275604,11.72444173,9.280277523,12.5006166,9.286923473,13.5414752,11.0467949,9.369785945,8.147365897,4.77094726,18.04200457,14.4589659,9.922369105,12.16435785,22.814426,23.03067127,21.15679377,6.88067585,20.25073971,23.16367457
AT3G24300,14.30342219,0,0.000281434,0,0,0,0.000275829,0.010862979,0.009091081,0.021850915,0.00035847,0.001045535,0.001960344,0.001838323,0.001454287,0.000318224,0.001632319,20.63463245,0.00027548,0,0.00016449,0.882472556,0.003170517,0.90135089,0.003057696,0.003155023,0.002076151,0.220623482,23.21293128,18.50574641,0.000403471,0,0,11.96166239,6.114144503,2.199294443
AT4G13510,34.90131243,21.76583334,5.19644505,5.320091173,7.645755243,5.952944713,5.212450268,16.13877954,28.92979073,0.021850915,12.43462364,13.34774955,21.48193219,21.03666617,22.54021545,16.61756139,18.2111871,10.50088247,13.19062127,6.147592731,37.02360424,15.14501831,5.232956353,7.865844573,12.26472003,36.47025391,12.33890954,2.439029963,41.33550703,18.09247908,6.710619416,14.73254887,20.42821932,0,0.023088718,0
AT5G33290,5.514821999,14.60592165,9.33017169,5.707990456,0,2.196612027,7.810651578,5.446812442,6.26429853,0.021850915,4.822772782,4.290759193,14.57047205,4.764070556,4.397823681,5.68651455,20.73951275,5.020393017,1.621889522,3.990991258,8.425734283,11.30363087,0.003170517,3.039143029,0.003057696,3.501636949,3.402182554,1.493800813,6.029576136,4.217419411,1.559575147,4.971491775,3.048931779,5.682433448,0.820385807,2.545674963
AT5G46290,38.89698433,5.21824752,5.233938116,4.653257958,20.12684661,21.47416812,57.68030434,3.683105576,3.223433819,4.689509448,8.904303261,8.92546241,9.873941825,15.01983772,15.20564722,12.85224069,5.448848562,24.96142538,13.55612633,11.05666344,8.583625251,9.848673201,11.19334132,11.19891719,18.32906446,8.600970543,23.83281002,23.36205229,18.40609996,27.76116458,32.65605768,16.08094786,16.99608315,9.469153594,34.79228372,46.62973144
AT1G16540,4.248159183,7.298551919,7.986961636,6.125963579,3.090800376,2.350657298,0.811631524,10.10448987,7.643698394,6.472460198,3.242808655,3.357376178,3.955808778,3.230085258,3.646552994,2.461060998,9.448290608,4.059403135,3.452135611,4.399711747,10.29408887,6.118269044,4.026502426,5.318445457,4.551938177,6.487943769,2.497121027,3.000277437,5.640509933,4.470011811,2.860190942,3.122450538,3.518784588,6.104842703,5.908040537,4.771565965
AT1G09240,0.002046888,46.17610728,10.94068344,0.724559828,0,0,0.000275829,0.010862979,2.698335631,0.021850915,0.00035847,0.001045535,50.06864714,4.087649085,3.985214129,1.15592309,93.41616054,0,0.00027548,7.169232309,2.782706706,0.571294265,0.003170517,0.000180568,0.003057696,0.003155023,4.506257996,0,0,0,2.504467213,8.036538768,0.297681507,0,0,0
AT1G56430,4.081115077,0,0.000281434,0,0,0,0.000275829,0.010862979,0.009091081,0.021850915,3.842064181,2.256898511,4.496063667,6.105339694,6.933614341,12.27862637,2.92155297,1.785316953,0.00027548,0,0.447327236,0.00125356,0.003170517,0.395670948,0.003057696,0.003155023,7.999453646,24.96717407,0.783535578,4.501565229,5.732460476,7.392623176,0.892223381,6.474961835,0.023088718,0
AT5G04950,25.76024987,0,0.000281434,0,0,0,0.000275829,0.010862979,0.009091081,0.021850915,31.70155754,22.54651169,6.912880542,4.055256108,3.84566733,6.559092298,3.252798761,30.49024073,0.00027548,0,0.00016449,0.00125356,0.003170517,0.000180568,0.003057696,0.003155023,8.922605434,63.2534022,66.1274538,36.2537579,8.476305706,15.80825147,3.818490945,1.570471219,0.023088718,0.411512861
AT5G56080,16.29892816,0,0.000281434,0,0,0,0.000275829,0.010862979,0.009091081,0.021850915,0.00035847,0.001045535,0.001960344,0.001838323,0.001454287,0.000318224,0.001632319,10.14677334,0.00027548,0,0.00016449,0.00125356,0.003170517,3.970393614,0.003057696,0.003155023,0.002076151,0,30.53338084,12.14461517,0.000403471,0,0,2.850950429,1.927265861,1.734109799
AT1G31800,1.95006006,7.61727087,7.730974111,6.14045179,12.67927546,23.39167636,5.56364374,2.877138869,2.628389284,3.609728463,11.65447509,15.05106865,18.99252666,14.41748257,15.68963955,13.04444836,6.43523208,2.344295,26.03555558,10.42877676,4.912389943,10.87128915,2.048893284,2.782706706,2.05413632,5.507019612,21.01143426,12.27532965,1.707171834,1.875919613,17.81518365,16.55173098,20.11744122,2.489375461,0.820385807,1.238782626
AT3G53130,0.185501283,2.068745772,3.146579624,2.980482503,6.834722976,7.787754932,1.632854006,4.292048647,3.481317433,0.021850915,3.107143787,3.44118815,4.741210857,5.068368495,5.239167769,3.828138119,1.2397041,0.116847402,8.835613974,4.993345642,1.418256705,2.128739749,6.449291827,1.797701946,4.57812543,4.991010821,7.204463559,2.658631025,0.191715725,0,5.923166794,6.904216156,7.99027864,0.437070928,0.023088718,0.067830869
AT5G57030,1.521841097,4.144569986,10.190105,10.36287969,8.436065773,12.26375342,0.534040394,3.258597948,2.974330397,6.863751459,5.681458502,7.352202411,9.099810708,11.4674828,10.71002073,7.173123832,3.431487529,0.203936509,13.53369283,15.16414932,2.94299498,4.927948052,0.003170517,0.816979851,3.394280626,2.440202341,17.44759331,5.318131848,0.513191397,0.507265174,12.63580225,13.37217429,14.39859311,2.063431517,1.927265861,2.545674963
AT1G08550,0.532559393,5.22186555,5.56868085,5.070397293,4.268793142,7.734024172,3.480922494,11.20134755,9.649430954,9.724924137,8.050613583,11.19334132,19.23514604,23.39167636,31.3531541,13.77323586,5.995732541,1.554859113,13.91048831,5.146164812,4.46847964,7.446737782,2.892470024,2.494009725,3.527276391,4.736718934,17.98545868,6.24811151,1.259095466,1.536345957,19.4052916,10.27364804,12.53247446,0.952874437,1.377352849,2.884082229
AT5G67030,7.276467857,35.36048915,14.48161525,17.0267252,8.019253996,8.902158033,5.488660587,56.07059734,43.80722901,4.299709849,24.54738928,26.77539788,49.01806876,38.04026044,35.31946618,24.1661434,46.17610728,5.076308746,31.93721231,24.85314804,17.83073001,44.56836515,3.171542809,7.302495155,3.148494854,5.200211149,59.91186792,13.20877744,6.726467593,4.843794875,36.60507554,143.3934826,106.608882,7.616414748,4.035496433,5.247177628
AT4G25700,1.926462104,24.98978905,53.78571772,32.39997889,6.320538002,8.016275386,7.206997906,14.47193883,13.39002671,5.268749428,5.882922066,6.677712205,6.672059627,9.036312025,6.680563952,6.980167373,30.47599831,2.372461578,14.10842611,37.65827282,12.84722305,11.07339225,1.341955451,2.418911024,4.067276943,2.410945656,14.92884285,4.699335826,2.777251212,2.708772959,14.07655728,23.75217302,21.11875254,8.01572457,4.035496433,1.734109799
AT5G52570,0.977497665,9.416029415,2.445796547,2.792046995,0.666486828,0,0.000275829,54.67630539,38.70509293,0.021850915,0.00035847,0.747005936,1.907382024,12.14461517,4.581212374,0.853347189,4.831634614,0,1.79523762,2.80774296,3.483226427,5.90003976,0.987452872,1.389868408,1.480314664,0.003155023,14.98766494,0,0.255096196,0,14.51363248,25.96062933,29.07694625,0.952874437,0.244343659,0.411512861
AT3G10230,5.914802272,8.726756641,8.719914633,8.27821948,6.090849047,10.60904289,8.934713784,6.923672817,7.502827534,10.79280405,11.95039895,13.50983796,16.53563803,11.45176791,10.95300574,9.989070734,7.809971279,5.699451169,17.41410527,8.418191633,8.18247502,12.63112777,6.255966092,3.549001103,3.991470252,6.161651884,17.78751592,8.423983199,6.489068489,4.978278637,12.98497371,26.55032532,19.97779137,7.236486763,2.799213659,3.768798343
AT2G03220,9.877630655,3.138766898,2.80859061,2.565116678,6.398277488,7.785065699,8.474106849,5.951359798,5.825190807,0.021850915,5.606664788,5.737534707,3.499354839,4.830187675,4.969434124,5.034999923,2.483248993,7.343025243,6.351682163,6.139734776,4.31847779,4.520210194,7.801597954,6.241497384,23.32100509,20.61541169,2.506724893,5.270453309,7.431521023,7.858454553,3.828842171,3.453032094,4.275050142,11.45047078,16.11003383,10.53865615
AT2G20370,11.90843628,5.646873862,5.078468647,3.779844794,7.100594418,6.450586592,10.6923327,6.929859295,8.992698493,0.021850915,6.15294393,6.504001749,4.574312084,9.594150663,8.133740475,7.751893776,4.298863565,7.633392069,8.193146361,5.149763307,7.865306259,7.491496655,4.995012808,9.607705226,4.91377516,3.356962386,5.439281752,8.213784537,6.437328993,8.476818699,5.427258187,7.838612996,29.44706832,9.103659799,17.63570529,11.95903184
AT3G28180,17.60712907,9.670798013,8.217435846,8.783489211,7.234685931,9.665234399,12.71206389,0.010862979,2.422077254,0.021850915,7.048074846,6.975040685,5.033302347,17.59427177,17.79340049,25.79248201,3.571428377,7.286849204,16.0172244,5.449030926,10.20212177,10.16109451,23.77673892,42.5917713,12.77476845,51.00784045,18.36663736,31.25122319,6.675020291,6.162966932,13.90427167,14.86764017,13.03395928,6.88067585,19.87028103,4.771565965
AT3G62720,11.13509782,21.85355017,17.19135325,14.54909754,21.32551733,9.133523572,35.81332487,5.045017032,11.95794031,15.73820626,2.467450024,2.81830257,3.110139839,10.70605579,7.428290254,10.89941745,5.927678573,5.08143686,11.19426729,5.948041895,33.81892828,12.11714558,13.54335334,28.097749,7.478604901,6.733579941,15.27304514,16.71392405,3.46377511,3.554799185,10.96931186,6.689845412,19.44543215,7.236486763,8.94435241,4.771565965
AT4G02500,29.69845203,6.65939545,6.972010055,6.922558328,14.95746378,20.25782155,24.24078817,15.48592819,12.70826945,10.531894,18.20815159,17.41189215,13.77323586,18.70346002,18.62789479,23.31451032,8.346630162,21.34079529,17.66507791,12.01887112,7.129207823,12.67053861,4.351364867,13.9133915,44.82857476,34.83722363,14.57146539,21.95193561,19.0454997,24.36285128,17.03369674,13.75754531,8.406153107,15.92208943,42.26284481,25.38562119
AT1G01580,11.65447509,3.844611471,0.593988033,0.473144106,0,0,0.000275829,7.786120093,6.844265379,0.021850915,1.513599398,0.613120356,1.924472008,0.822453582,0.001454287,0.000318224,2.468491506,8.099247142,0.00027548,0.029550289,0.00016449,0.00125356,0.003170517,0.000180568,0.003057696,0.003155023,0.002076151,0,53.22191245,14.10117513,0.000403471,3.088402154,0.787766057,0.020262441,0.023088718,1.734109799
AT1G01590,0,0,1.00262267,2.822252386,0,1.163726604,0.000275829,0.010862979,0.009091081,0.021850915,4.594288291,5.950470557,1.401543395,0.001838323,0.001454287,0.818025267,0.001632319,0,10.38528366,0.041133244,2.042570569,0.981137069,0.003170517,0.000180568,0.003057696,0.003155023,0.002076151,0,0,0,0.000403471,0.310392131,0.21276606,0,0,0
AT1G23020,8.478933264,5.297490614,12.12874532,8.583293173,1.17319509,0.164443915,0.899945068,0.010862979,0.009091081,5.46713954,4.562826751,5.212450268,6.845671566,8.799581711,9.138567658,10.01091047,9.994721763,9.789417029,4.034324462,3.483226427,2.903636488,1.702042574,1.192989247,2.80991351,1.843528155,3.003869883,8.540008112,9.114751989,20.11334798,11.38284831,11.19334132,7.122331133,3.82980891,18.51204126,9.845073831,2.199294443
AT4G19680,6.479128784,0,0.000281434,0,0,0,0.000275829,0.010862979,0.009091081,0.021850915,0.00035847,0.001045535,0.001960344,0.001838323,0.001454287,0.000318224,0.001632319,2.607415987,0.00027548,0,0.00016449,0.00125356,0.003170517,3.120644433,1.134045202,0.003155023,0.002076151,0,9.511327968,2.270731047,0.000403471,0,0,20.25909723,1.927265861,0.411512861
AT4G19690,29.50913318,3.524240423,0.496419972,1.50352257,3.282600186,0,0.000275829,0.010862979,0.009091081,0.021850915,0.00035847,0.001045535,0.001960344,0.001838323,0.001454287,0.000318224,0.001632319,25.91005762,0.00027548,3.497612628,0.00016449,0.00125356,0.003170517,0.000180568,0.003057696,0.003155023,0.002076151,0,230.0830159,38.451825,0.000403471,0,0,0.437070928,0,0
AT5G23980,2.548346022,0,0.000281434,0,0,0,0.000275829,0.010862979,0.009091081,7.077563258,1.040417824,1.86101162,5.112067121,1.232092009,1.44503964,1.569669618,0.692349072,11.80300925,0.380356541,0,0.00016449,0.00125356,0.003170517,0.593579563,0.003057696,0.003155023,0.929336202,0,30.11780261,14.45437381,0.58840609,1.2920733,1.176766539,23.2105067,2.409562569,0.067830869
AT5G23990,3.520399068,0,0.000281434,0,0,0,0.000275829,0.010862979,0.009091081,0.021850915,0.00035847,0.001045535,0.001960344,0.001838323,0.001454287,0.000318224,0.001632319,2.545313373,0.00027548,0,0.00016449,0.00125356,0.003170517,2.929770758,0.003057696,0.003155023,0.002076151,0,27.28669891,7.550181906,0.000403471,0,0.009754835,16.2790278,0.820385807,0.067830869
AT5G49740,0.009411985,9.040952928,6.094461998,4.320880233,2.4929925,7.833825204,9.090122346,6.326821168,5.676265361,0.021850915,21.41854406,30.55157836,40.66524768,15.62686739,18.93596832,11.72444173,6.71107705,0,17.82529457,5.715455394,17.27820887,32.82260896,0.003170517,0.000180568,0.003057696,0.003155023,14.1228557,0,0,0,6.90746191,46.54683108,20.38907369,0,0,0
AT5G50160,0.003520218,6.656249384,5.920014009,3.184467005,5.56868085,5.668212276,0.000275829,0.010862979,0.009091081,0.021850915,29.30015417,27.85196359,24.95525807,6.431705266,14.26775646,14.92692568,15.92996175,0,5.225703263,5.72891353,14.40759616,14.91130779,0.003170517,1.904833607,0.003057696,15.80235497,7.91107622,1.125825234,0,0,6.312617102,5.639490978,1.327304279,0,0,0
AT3G47340,2.278544408,4.493509863,18.21935501,22.3901646,11.71100737,9.305137747,2.981338331,117.5880854,95.00027845,10.77641562,1.61178909,0.843199503,0.001960344,3.543891863,1.73151633,8.026220746,13.92288491,15.63283731,0.00027548,19.23514604,0.00016449,0.00125356,1.372180942,4.993840474,0.003057696,0.003155023,5.039496441,3.701600087,0.708943844,2.807366969,31.45155986,3.465053759,7.483837305,0.952874437,7.090430587,1.238782626
AT4G26900,12.1517537,3.484785483,4.431655357,2.512012407,8.838305246,8.032858784,5.572729254,6.861125643,5.910003024,3.799532018,6.090515865,6.126917704,6.729021327,6.554217007,7.34640717,7.558714992,4.249397323,9.683656845,5.993799775,5.91207995,5.497165543,5.788526844,10.41684666,11.1269073,21.14106193,13.11093217,10.27486041,8.805174807,6.490422423,11.20134755,11.23726833,8.401301477,8.746909886,5.259482469,10.86812728,21.76848016
AT5G10240,10.42877676,3.496767077,3.198018644,3.263817814,10.19129653,11.35091325,6.346188429,4.817624461,4.517245006,7.735213308,3.697561938,3.131575862,2.502062428,2.562416102,2.691490626,3.422145325,2.23072332,8.051976929,4.587067316,6.632550345,4.34256806,3.566138975,2.86064444,9.603318138,40.14234593,15.16414932,4.334057757,4.356494012,6.031839443,9.866125315,5.886672735,2.264209621,2.852606895,5.89499759,8.026220746,17.61895357
AT5G65010,12.68845685,0.247982011,0.506867693,1.551838233,10.20773103,10.10834811,9.73376472,0.010862979,0.009091081,7.826209288,9.122164095,12.13923888,5.458463634,17.09666236,14.76562112,17.47267126,0.809887211,10.34235409,3.768305707,5.940988423,0.482953587,2.79345942,5.719067016,6.035094977,13.6082953,5.381682329,64.82802071,68.34099179,5.527300925,10.36465327,49.48919246,35.04664684,21.3660348,3.765948016,10.98176075,22.49693669
AT1G58300,0.002311007,0,0.000281434,0,0,0,0.000275829,0.010862979,0.009091081,0.021850915,0.00035847,0.001045535,1.272578025,0.001838323,0.809071801,0.000318224,0.001632319,0,0.00027548,0,0.00016449,0.00125356,0.003170517,0.000180568,0.003057696,0.003155023,1.182523015,0,0,0,0.000403471,0.357675794,0.001261809,0.020262441,0.0587917,0
AT1G69720,0,1.63492696,1.908572806,7.649463021,1.281162811,1.152027307,0.000275829,0.010862979,0.009091081,24.75154089,3.097283146,3.115792751,8.218252691,10.15739153,9.136563216,4.148703202,6.432718632,0,0.00027548,0.76135835,0.00016449,0.00125356,22.87015745,0.000180568,0.003057696,0.003155023,1.737889441,0,0,0,0.000403471,4.595136503,6.703117171,0,0,0
AT2G26670,19.24188405,47.84826362,68.21300723,25.15572465,7.562989073,14.26442036,19.05796307,22.80334054,26.18314446,5.310620717,17.0127474,19.99278976,61.543704,34.22631329,30.77453101,24.06012847,51.32081832,27.7064312,13.03524519,33.40533696,25.92433694,46.34966812,10.06327938,12.40404793,8.948258863,11.889103,32.38203626,19.87368436,35.52606017,18.21427537,33.86892031,21.98205316,22.49828223,21.59406939,7.837686822,8.032105654
AT4G23660,2.881845211,3.571228411,3.71548468,3.773291479,3.041012212,3.19137397,2.900180346,8.016593713,6.666266056,8.01857091,3.690771444,3.526361938,3.796157036,2.891271684,2.706519074,2.500720151,3.773291479,2.912818771,2.796818395,3.08731299,2.845985555,3.094312503,4.284884794,2.723621357,4.012736216,3.991470252,2.32273214,2.151327857,3.123730857,2.654901945,2.827672597,3.192946378,3.735430326,3.765948016,4.035496433,5.929306091
AT1G30520,0.589937586,0,0.000281434,0,3.477889188,6.491299821,0.000275829,0.010862979,0.009091081,0.021850915,1.706368464,2.139938667,2.465219184,3.920892305,3.829425353,2.981338331,0.001632319,0.1776105,6.150334687,2.222902647,0.00016449,0.00125356,1.173724623,0.000180568,0.003057696,0.003155023,7.395463843,2.153583318,0.199757395,0.117130594,6.890112336,3.81795533,6.043397995,5.036185249,0.820385807,2.545674963
AT1G48320,9.835740886,18.56291609,15.22566553,9.498552332,7.991117934,6.972010055,20.00014152,3.564251213,3.245976438,8.579315742,12.26653671,13.24696747,15.3795909,14.76854803,12.37229169,8.582901463,26.15597143,10.53456665,16.09367835,8.845067639,31.89497414,24.39357676,10.10448987,9.118822548,0.003057696,9.48529458,11.11343558,6.687706549,7.818925998,9.036312025,9.284178324,8.435400549,5.787898136,0,0,0
AT1G68890,0.858578797,1.448608462,2.156930962,2.66051159,5.486840648,5.728207332,0.000275829,0.010862979,0.009091081,6.560085008,4.498928311,5.054193998,4.402231342,4.916426891,6.83264759,5.69460431,1.588908904,0.488577883,7.647045774,3.846535591,1.71834413,2.790552362,1.114409873,0.000180568,2.025061086,1.943665388,7.397280939,3.54767963,0.376179995,0.568727573,6.909687405,5.934005047,5.643648222,0.205925868,0.46233691,2.199294443
AT3G10050,11.04276666,3.117021448,4.152392278,0.970830073,5.043601201,4.243333461,4.566643933,9.76936982,11.1918896,3.733036539,4.397480425,4.612582687,4.571480053,3.481762195,3.681828958,5.059010294,2.973300075,8.192221907,2.409724728,4.50690387,2.994527099,3.175823544,22.38302654,8.054710291,20.1199318,9.027658859,10.11273651,6.826989381,5.254644012,8.861975301,9.655832197,6.337783723,8.945949923,5.259482469,6.314333011,15.8913558
AT1G08980,0.928187134,6.662190991,5.081931653,2.783513617,9.865184077,10.53751442,10.68808065,2.890985891,2.040447603,0.021850915,10.19503111,12.98842572,18.88955095,20.22928042,20.24854581,11.7861088,6.536067078,6.259981678,9.494325786,7.657668536,13.21240144,12.70093943,4.485527442,1.944790138,3.920291217,6.462349416,16.7368649,6.326821168,2.333093976,4.587067316,18.19125504,15.6192557,14.76006898,1.570471219,0.820385807,0.685308387
AT2G37090,2.886630523,0,0.000281434,0.17820951,0.173307664,2.560252484,6.455485541,0.010862979,0.009091081,0.021850915,32.02921095,32.27995921,2.069889673,0.001838323,1.355901655,2.489375461,0.001632319,3.469863286,37.32594216,0.035704052,7.442572083,9.608329939,0.003170517,0.000180568,0.003057696,0.003155023,1.086081928,6.049191962,9.649430954,4.335025086,0.999088194,1.347464799,0.002273194,10.37084987,2.409562569,0
AT4G36890,8.739105271,4.879735832,5.989515114,5.317012477,4.330785091,5.693823723,2.92155297,2.652988708,4.03307794,0.021850915,21.78333668,22.40229819,5.830921285,4.983627883,5.271316669,6.541893199,5.881717622,6.861125643,25.37702481,4.597905154,6.862880263,8.672213508,5.70121147,5.91629601,4.101234122,4.69672282,4.995012808,7.418299452,8.895481051,7.823398513,4.830568208,8.405189649,5.450554547,9.797764238,11.31997105,7.359316782
AT4G16740,0,55.25671394,6.675421841,2.643709141,0,0.218496597,0.000275829,0.010862979,2.473993232,0.021850915,0.00035847,0.001045535,0.001960344,1.603288791,0.719233262,0.000318224,70.8807117,0,3.519898155,12.11714558,13.50256387,12.5006166,0.003170517,0.000180568,0.003057696,0.003155023,0.002076151,0,0,0,0.000403471,0,0,0,0,0
AT1G32060,2.86721553,10.28969798,6.118269044,6.26226631,24.46597247,73.1407019,41.40115024,0.010862979,1.714731813,5.007575183,83.26119266,119.2371533,162.1650383,160.5405566,162.6013186,114.853828,23.5952025,2.534927506,178.477327,24.65005151,18.08596335,83.26119266,0.003170517,0.000180568,0.003057696,1.539223592,232.4684645,39.09840103,0,0,211.4476126,270.0698689,202.2009156,0,0,0
AT1G74030,45.60644249,2.276763882,1.885644975,3.417866813,6.106577548,7.700657457,33.5179653,2.130035585,2.134714531,3.969503893,3.838114179,3.257709697,1.162582358,2.936656966,2.785133301,4.295981111,1.957599258,28.68579616,2.862515734,4.093845592,5.89456707,6.559445644,11.67179735,15.47265207,32.44213718,13.99518585,7.229889004,10.90878719,31.38033745,36.1500722,7.246458301,2.124394842,1.938586736,21.13474221,24.59607895,35.58088345
AT2G01290,3.151684489,9.655832197,7.847996913,8.847365804,6.534741706,8.292319245,7.430234484,4.141273496,8.033226074,16.88163702,8.436065773,8.899223433,11.54396269,7.640554717,7.397747661,7.989108709,10.29524594,1.725587755,14.13050989,6.034777857,13.75632823,8.865442823,2.64903988,2.798716122,2.144426426,1.510369678,11.90946104,5.938343966,0.567233699,1.527783081,7.824469915,36.31667251,15.53389975,0.437070928,0.541482878,3.490697209
AT2G36530,541.4619802,47.71494973,23.37699208,19.94173932,70.15354159,88.33945604,84.06368047,20.46310024,45.00960378,6.906437281,69.11919418,66.80486096,56.87744143,50.06864714,53.42547264,69.46482892,109.6251843,199.4712377,74.08948466,56.82976779,71.67220474,67.05922577,514.1795154,155.6603425,208.0425814,192.6288085,93.17594721,104.3527796,315.8565073,260.9909169,86.74043073,46.6367549,28.41850851,159.5223882,312.1839626,192.888606
AT2G45290,20.68900194,7.99027864,11.13253822,8.238805482,5.650105117,8.34432778,13.38604388,78.4716095,66.53061828,10.94282347,21.03463375,21.63815261,3.192946378,3.155509051,3.260080498,7.304280886,6.322268552,15.7019455,17.40094819,7.909316689,13.81325969,16.19021344,7.352692745,18.57141699,9.124667626,13.3709276,4.281965157,7.614253302,21.08456926,18.8175672,4.262064277,2.548870555,5.234657293,25.39197801,16.68803341,14.11816008
AT3G60750,53.64981579,27.69160637,15.05999799,13.25583475,41.80791304,75.86214538,60.22986709,6.44215806,34.28715684,6.328090948,71.03884773,95.37569479,112.375683,98.19309737,124.6417636,79.41119601,41.62465719,49.72656432,106.3965615,41.34999479,34.98933115,84.24025971,19.44896093,36.57149893,31.93024255,32.23486503,181.7224326,62.33082551,44.58585806,51.12025454,150.9105057,125.2945989,94.55892338,29.09938922,33.73894346,39.34328375
AT3G22960,44.10036284,5.687727104,9.128788842,8.290302199,26.18314446,23.5952025,52.7616214,10.15484105,9.459921096,5.210826905,34.91272026,34.61996141,26.4694381,25.96062933,31.93721231,35.42299459,11.64577588,34.80273832,16.89952617,21.76583334,19.70797397,17.59263657,23.95647979,34.21842223,39.50922589,34.11026151,26.32771987,39.50922589,27.96029343,36.02224736,55.37819733,49.99574412,36.1500722,15.92208943,41.78986667,48.75424377
AT1G67550,5.082528701,4.2134486,2.65993279,2.518602917,2.035527459,2.319076865,0.773038715,5.019582626,4.302603114,0.021850915,3.486503548,3.642017769,5.605945101,5.574461069,6.682376764,4.487517937,5.028140441,4.349285777,3.262823098,1.881820576,4.912821594,5.936402728,2.516412726,6.66932917,2.806992097,2.976060219,4.98739864,3.037693524,5.382738951,4.972823382,4.60328392,5.897225934,6.704437561,7.075016849,6.487076205,6.659833789
AT4G04955,8.938861352,37.27239182,46.42720199,20.35212842,19.52979382,22.6492442,10.96931186,2.324273806,7.352202411,10.20646798,6.123519437,5.310620717,15.80055231,4.849370835,4.587478326,3.74137077,13.33550117,10.36287969,19.87368436,16.61889665,24.79928028,31.38033745,2.080354091,6.0853072,4.309213314,7.847996913,11.85123157,2.647476404,12.19633855,9.470278427,7.443914076,4.812910599,3.196821104,15.32294031,18.61288537,8.237711248
AT4G17050,11.12031525,9.98059455,8.787896389,9.122898076,16.07985856,14.38385255,16.10459782,4.49035222,3.435224661,0.021850915,16.89207417,16.54845496,22.24190044,13.56084808,15.49009619,16.99830559,11.45112195,11.65391649,14.81133549,11.55222724,11.0669275,13.14669321,9.455784062,10.51887065,16.083546,17.44634507,17.3630649,12.67053861,15.21064354,12.99470742,14.59029749,12.02264544,8.590317855,12.50016099,11.70767683,15.47001138
AT4G20070,5.243905671,8.704836654,4.337544448,14.60116441,1.208324308,1.926462104,11.35445612,6.477529988,8.866374071,23.38170094,2.544983693,2.991397095,5.722412295,5.442837824,3.918654438,5.789566383,5.786540507,14.57047205,5.784828556,3.351588823,4.848485716,8.03152986,0.003170517,0.354807745,5.046436005,5.05638054,9.978740894,9.371293665,7.987924132,8.986529999,11.78410717,16.04756599,16.54612637,3.765948016,6.684275604,6.15400516
AT5G43600,10.19503111,16.01408327,23.31451032,21.98598944,8.179277861,9.152811094,14.86235731,26.93558975,17.59911383,3.716944585,7.295268246,7.309927803,11.24969634,7.555689322,7.34256426,6.398785626,10.68131954,10.97694577,8.666368425,14.91913348,8.181941372,12.49970539,14.57047205,6.658955953,8.181941372,11.72156337,8.927256827,4.284506461,17.09514374,9.720927967,8.894795373,8.0046607,6.901138259,18.65140778,14.42020937,9.721771246
AT5G58220,10.19129653,7.088929858,6.460486699,5.56663234,7.98027906,9.139809758,10.60734423,8.214537469,7.244850428,4.569314626,12.26153597,11.65516672,11.90306372,15.20847764,15.91760183,14.34448195,9.326826411,13.34774955,8.599124281,7.306551151,8.838680518,9.264376839,16.12250797,14.09216385,4.647061148,5.637936381,10.54503636,10.9554468,13.93066538,11.79175539,11.31997105,15.03150842,13.20624388,15.32294031,15.76625428,13.5486011
AT3G20330,8.630229661,5.114969126,4.061942945,3.838114179,6.142968563,6.491730463,6.118867845,4.331118953,4.915991901,6.477947959,7.418299452,7.124342829,7.642523797,6.098502131,6.240074134,6.909687405,5.150763697,7.826718521,3.647109897,5.049236867,3.830972573,4.533818374,11.57606955,8.40254958,14.4589659,9.503392077,8.604917591,7.415201938,5.753622634,8.347547287,8.846922426,6.396866318,7.555689322,4.554812808,7.090430587,15.26768769
AT3G54470,26.32771987,3.442347759,3.253745794,3.244456054,7.914651466,8.79180469,9.67359251,5.921644137,6.118269044,8.483064032,11.36036866,10.06057558,7.354331706,5.697953737,5.645563822,9.843035914,6.162966932,18.26027577,6.15187273,7.11526906,4.6478611,5.871687906,18.34847682,13.19586339,40.76316587,11.81036041,14.61003221,13.6082953,15.74517142,26.20869868,15.49795178,9.988062191,7.538960823,8.201466349,20.07269031,41.83854689
AT4G22930,16.90555127,4.880145785,4.084815253,3.225121772,5.68176913,8.016593713,5.887673079,6.681025628,5.906930836,0.021850915,5.56955342,5.384825377,6.642125556,7.298551919,7.480490868,7.540203686,4.775636414,14.12561578,5.988513077,5.209970202,5.442837824,7.100594418,5.432368676,13.54335334,9.682210657,8.213784537,13.14783191,8.192221907,14.4213587,16.53563803,11.23331338,8.930863024,9.487060555,9.996844189,26.16710699,17.61895357
AT1G58440,15.0959732,5.604957818,5.707643133,5.257873778,3.825774132,5.692104189,22.06097554,4.732483199,4.590877424,9.094868039,6.114446881,6.24811151,6.688030834,11.78169677,10.54873067,8.029154234,4.001448333,9.962406926,5.73521132,4.029477481,4.261187465,4.966112811,3.604506354,8.944873813,6.704062173,4.22216772,8.719914633,5.689526661,13.09431697,9.491782873,7.796303364,10.14963609,9.726447624,12.84939583,18.61288537,12.53247446
AT2G22830,2.015723848,2.525429224,3.52666923,2.022738929,2.652086771,2.863090124,2.62077917,0.010862979,0.009091081,3.922424925,1.621027214,1.760999978,2.64903988,3.486026434,5.454853983,3.435224661,1.936497964,1.628079292,2.327766957,2.063987314,1.964121872,1.394983021,1.134788407,1.734586881,3.213152856,1.430492866,3.113798706,2.091549398,1.574379067,1.739476438,3.755767071,0.991816022,0.748694949,4.038477681,5.908040537,4.771565965
AT4G37760,7.657668536,21.88951474,25.50442534,46.48786615,5.711351062,5.441089929,12.50708944,17.10546848,15.21954153,48.29581329,7.441401664,8.398590223,8.042856758,20.07556194,16.6444433,10.34804188,12.793597,1.948138353,12.45562813,22.26109311,10.34671423,19.51920389,2.9711369,2.834134779,3.832580005,2.111942966,9.123952652,4.685078834,6.858970216,4.393091865,9.311078356,48.53136929,42.65803505,9.285103885,1.927265861,0.685308387
AT1G15110,9.121329178,11.32063034,13.03899435,9.283057478,5.032918422,2.772290493,9.971364088,14.17905238,11.38170788,4.256351868,4.243678012,3.210769813,3.485591851,2.819432745,2.207947506,2.261366279,7.401901095,7.306551151,4.256694105,6.482666858,7.428829925,8.417297848,16.29892816,9.232939933,8.805865506,7.210709729,2.703117135,4.332157652,10.50525358,7.86853333,2.556295838,3.146172996,3.553053994,23.98216524,17.63570529,9.296971688
AT4G16700,3.986351351,0,0.000281434,0,1.14108675,0.471059525,1.229767039,2.612120967,2.454783745,0.021850915,0.873506439,0.744788744,0.755298498,0.001838323,0.898219858,0.444275296,0.001632319,1.635448398,0.327590299,0.203076687,0.00016449,0.00125356,4.464909767,2.930679244,6.703117171,3.113798706,1.163182146,1.186501084,0.566257222,2.090429085,1.434233593,0.613120356,2.4749928,0.127306443,1.927265861,6.433358457
AT4G25970,10.11233884,8.864860374,8.41993142,6.549779897,12.79995886,11.53036731,5.658062702,14.07655728,13.15460519,5.955933932,30.70682938,28.53757465,22.08412277,12.53247446,14.91279791,15.91590418,12.68162021,13.69249227,12.16435785,11.53883721,14.57775976,17.47267126,9.138567658,19.4052916,11.36898673,22.66238265,9.727039164,10.88767031,11.0669275,11.88412806,11.67325378,11.10934459,8.416780057,8.201466349,12.6724858,13.92731399
AT5G57190,0.13875787,4.524484,2.831292617,5.635388634,0,0,0.000275829,0.010862979,0.009091081,12.96310177,1.452011164,0.952358241,3.231831901,1.920897593,1.61033614,1.574379067,2.354307899,0.069214627,0.00027548,0.359866686,1.576661478,1.177495939,3.39100912,0.000180568,1.020674959,1.747409031,3.530355781,0,1.385218208,0.150624195,0.77687658,1.404971291,1.771212684,6.104842703,0.176398388,0.067830869
AT1G62430,8.183415024,10.09340726,9.7192064,9.042528851,7.947975216,7.653332793,8.204090012,10.28375246,9.835740886,5.90125721,9.15072545,8.584350507,11.37644855,11.97808986,13.15356406,9.101046442,9.467509105,5.053390667,6.671578744,9.726447624,8.043330651,10.51226973,6.249769063,4.6478611,5.921644137,6.322921437,5.719067016,4.306927061,4.395838742,4.931301663,4.072983727,5.015433071,4.300590985,6.474961835,11.49550666,13.75693677
AT4G22340,4.096567696,8.521905711,6.226712977,5.696526908,2.619812771,3.40934704,8.033226074,10.97320883,9.870155833,0.021850915,4.792249172,4.232719295,4.789155642,3.955808778,3.64290972,3.52482556,5.014265895,3.888995049,4.463957224,4.566643933,6.490422423,7.091080604,3.195537584,3.131869658,6.485670654,6.974134791,3.104943874,2.222458093,3.27400741,3.270798134,1.968490264,4.554981578,3.750133198,4.038477681,5.697587564,5.247177628
AT4G26770,2.845510975,0.215750807,0.419279092,4.98739864,0,0,1.122845841,5.009134313,4.235860098,14.4775101,0.00035847,0.001045535,0.001960344,0.001838323,0.001454287,0.000318224,0.001632319,0.325873444,0.00027548,0,0.00016449,0.00125356,0.003170517,0.322908055,0.003057696,0.003155023,0.002076151,0,3.274671324,0.750152287,0.000403471,0,0.054507514,7.817372141,5.009944989,1.734109799
AT5G55810,1.805371824,2.988798077,3.813332775,2.103483156,2.278974533,2.454226947,2.652086771,4.299709849,3.52591178,3.119362829,4.221823768,4.230561125,5.211557976,3.493832837,3.47822572,2.703117135,2.992432586,1.766128245,1.090921507,1.935262519,2.46912858,2.267220545,2.931482044,2.360929743,3.510553005,4.236801161,2.553094788,1.70020037,3.126277256,1.5527931,2.885258531,2.599928901,1.960562466,3.481317433,3.473608259,3.490697209
AT2G21170,36.00846001,22.72651315,18.44572792,17.07016013,38.32056299,54.11724931,30.87593407,10.3669263,9.468794338,0.021850915,44.67090187,52.81439799,55.599901,73.57524259,81.37180546,78.70387618,15.9787129,31.36800567,69.28761249,29.66375401,28.55934329,43.27386904,16.10671724,25.36083288,20.31794338,20.72455552,122.8590724,52.40164618,28.11692736,32.08876518,90.26142789,96.16453197,81.02673959,36.59070071,37.97456487,53.72476995
AT3G55440,312.1839626,43.68341904,24.90241595,22.92293341,59.07169856,72.26386492,138.4691725,13.50441312,12.18712546,7.835750075,51.32081832,50.56144036,91.0097783,127.5511302,126.94674,91.71149848,41.34999479,124.9270682,63.54996468,45.95338001,56.8079064,79.24013084,160.5405566,68.43243161,97.83944754,61.01998084,94.55892338,71.11446672,181.7224326,130.0557437,73.42282232,74.05807784,62.69668421,218.8555478,302.5511027,103.242609
AT4G26270,1.010266705,10.45888923,8.539429062,7.286440825,6.166618906,5.687727104,8.483466624,16.81349343,16.87112187,11.31094734,5.024672982,4.572400698,7.799754565,5.722226664,5.889975756,4.331528595,15.80511625,4.277421097,4.57276874,6.71950402,9.664465401,12.13735362,4.76871315,10.55277622,22.71101628,45.26572425,1.86691761,2.653386063,2.551017904,2.734203983,1.798177322,3.817066946,3.537426294,2.489375461,2.409562569,3.194052443
AT4G29220,15.69314051,10.60904289,12.32379004,9.446186888,8.181941372,10.4657809,1.724967909,0.010862979,0.009091081,11.89468696,12.69173695,13.69160657,15.48592819,15.09980823,18.34564215,17.26348585,12.71162053,13.55010979,23.14701058,9.680650828,7.532513215,10.06057558,4.650923259,7.222238108,3.694035586,7.313158581,19.97779137,13.35366718,28.26246552,16.69752233,16.08977318,19.082253,14.48161525,32.17526596,7.090430587,3.768798343
AT4G32840,4.318203069,0.731130922,2.053146766,1.213274936,4.143395235,4.096567696,4.96748266,4.323880157,5.073761548,5.416988918,2.886630523,2.78897658,1.634442075,1.591239761,1.653731169,2.90924444,0.001632319,4.286546709,3.099874013,2.649997513,2.612120967,2.142238102,7.423046406,5.195144722,11.30557919,8.581763373,3.455506961,2.82116504,2.707693514,4.2735835,4.604158417,2.692948801,2.799213659,2.489375461,5.475171737,7.596956754
AT5G56630,17.8176558,5.750109129,4.791142897,5.446175961,5.517526969,8.012899796,3.226110004,6.245207548,5.92958609,6.704437561,7.796303364,6.892344451,7.547736162,7.299561021,8.615089941,7.288147301,19.65234531,19.20791576,8.608345693,5.789940727,6.65939545,7.632243785,12.5087354,11.12031525,13.0431155,11.9989862,5.638711053,7.687700848,23.19791304,21.84375492,5.910566193,6.08738099,4.335025086,15.92208943,15.76625428,13.14783191
AT5G61580,4.806097617,8.417297848,8.287994746,6.633862427,5.421739472,6.631152845,4.23758471,10.11446659,8.987666953,10.27116466,7.312556551,7.30490855,8.746190293,6.395428206,7.077082382,6.120635593,8.482360111,6.151335069,6.841501266,6.71950402,6.156977976,8.632860996,5.071397509,6.971635325,7.483837305,8.180061957,8.539429062,6.390857735,7.055563383,6.681025628,8.136455947,6.668105223,6.255553333,5.89499759,7.090430587,7.121063702
AT3G02470,0.021868732,379.9934542,397.5847241,187.9402674,365.2141011,150.9105057,60.88367263,82.91189723,110.136411,117.4098338,280.9036393,240.3215529,196.6178047,113.4673505,124.9270682,145.3217816,397.5847241,383.8004653,252.6514196,318.5654162,477.0548459,326.8968043,52.12067528,131.0384368,83.86901406,183.5833009,196.6178047,304.953261,369.7309768,290.7232669,187.9402674,230.0830159,203.7594708,416.8269288,181.7224326,91.89090558
AT3G25900,10.531894,8.855802937,11.10870759,49.40386793,3.564251213,4.217743181,3.162103314,8.04861171,7.223631385,59.55020916,1.252647555,1.952918597,0.001960344,2.901168262,2.064916022,3.737324438,0.590509349,6.453027683,3.131575862,10.5552757,0.784040747,0.907313805,9.654193833,20.26323828,28.70300744,6.700246761,1.20025715,3.965282832,9.404825959,7.206997906,3.803485035,0.775215384,7.737972914,37.01991191,21.59257727,12.53247446
AT3G63250,9.786222376,4.582833329,3.1724897,2.654347561,16.23158325,12.68594425,14.94550366,8.721006288,7.656130014,0.021850915,10.872442,10.3616775,9.291393063,5.698973445,6.940180609,8.666761348,6.336880939,12.50811103,9.804173149,9.852164561,10.14850484,9.102125928,16.09367835,15.64266781,13.1139154,15.8913558,6.846059708,9.667865644,7.992148434,12.6976779,8.438961258,6.700779895,6.477529988,6.88067585,11.14894177,20.76268061
AT3G25830,7.637978218,0,0.000281434,0.501462338,0,0,0.000275829,2.13278702,1.792396813,6.280079426,0.00035847,0.001045535,0.001960344,0.001838323,0.001454287,0.000318224,0.001632319,18.61556853,0.00027548,0,0.00016449,0.00125356,0.003170517,0.000180568,0.003057696,0.003155023,0.002076151,1.153870098,13.03395928,19.34003588,0.000403471,0,0,0,0,0
AT2G24190,4.019073377,2.565116678,2.697205564,3.799950563,3.320489074,4.566140332,5.561366601,0.010862979,0.009091081,2.980999611,6.269218424,5.72044415,2.733185134,1.904833607,1.953757754,6.033319638,4.056886381,3.357826338,8.427816764,2.374416415,3.118477511,4.602792963,12.66472758,2.072984687,2.621206679,4.103960894,3.839013376,6.328090948,4.692045082,3.484253854,2.409562569,4.037248659,4.006503337,5.259482469,1.927265861,3.490697209
AT3G03480,0.001812699,11.79277123,0.000281434,0,0,0,0.000275829,0.010862979,0.009091081,0.021850915,0.00035847,0.001045535,2.913917568,0.001838323,0.001454287,0.000318224,3.54250696,0,0.00027548,1.118864713,4.537126781,8.443149558,0.003170517,0.000180568,0.003057696,0.003155023,0.002076151,0,0,0,0.000403471,0.760805725,1.085525128,0,0,0
AT3G61220,8.540008112,22.70666212,15.91960227,12.53839591,7.559628814,8.241807854,19.19364344,5.206881058,4.35320635,6.04729688,19.8058578,17.13750258,24.69360216,13.64685445,13.51168043,17.9992795,19.07482199,8.577215863,25.70196793,12.50935977,10.6134588,17.08452311,1.922198564,6.487943769,0.003057696,0.003155023,19.74023686,15.74191063,12.33040921,10.54802621,13.39274245,47.21154452,27.85809539,10.90563977,2.799213659,0.279282946
AT4G15440,0.003283549,3.21552277,1.662468031,6.322921437,13.75986929,22.37858104,0.000275829,3.146579624,1.795713478,0.021850915,12.26309325,13.24271496,14.92014887,5.03627432,6.326821168,7.405893828,6.135354715,0,8.404349672,15.68387719,4.97792833,12.51366252,1.605918764,0.000180568,0.003057696,0.003155023,1.596666917,0,0,0,0.733498593,5.223871552,4.244694568,0,0,0.067830869
AT2G31350,11.31344137,20.00897074,26.32329195,42.80569015,10.05967515,8.838680518,11.14201607,39.3016092,23.98902984,49.59301118,18.50890617,20.06569637,18.980815,11.18736448,12.61843287,12.35118424,25.14316212,14.85571562,10.95447652,16.35078682,17.438628,15.97584408,20.50648921,16.29499335,6.102862844,10.73665764,9.917898594,10.71002073,24.10392627,13.86886687,11.11014965,12.95940735,11.37644855,25.71110151,7.090430587,3.490697209
AT2G43430,6.393559299,8.437850274,10.2882655,7.30918454,7.602559072,7.432405291,9.489372473,8.44442035,7.847996913,4.574710101,10.3001708,10.6512289,10.18542208,7.699802549,7.016300537,7.439546889,9.73376472,8.894795373,10.36465327,7.107684491,10.60904289,11.19334132,6.093472034,8.042856758,6.118867845,7.553696843,8.670878041,8.286001805,10.88352428,7.559628814,9.114751989,7.880082855,6.694386763,8.388273004,6.314333011,4.026724626
AT3G10850,16.71392405,16.10459782,17.74682327,14.59499089,27.75401159,32.98277749,23.20808211,28.63579478,23.0452404,0.021850915,32.97717932,31.06768363,39.71745943,31.92338539,34.28715684,36.64176613,24.39357676,23.52020008,38.15105424,20.05278635,23.46639175,29.47906618,31.76483849,25.79571174,13.51887687,21.89488164,29.83435906,32.23486503,18.50574641,20.57722063,34.60328584,23.73238037,16.62001857,11.96166239,28.85909788,20.19108725
AT5G06580,3.769763004,5.380158889,4.843490018,4.547978872,3.233868322,3.31800416,3.475918545,8.049833229,6.601621629,8.983329873,5.257873778,5.226011606,7.501005646,6.466287786,6.684650299,5.015433071,6.124580411,4.077099909,4.83279852,3.43600217,4.471488953,5.91276387,4.792624483,5.732460476,5.432368676,6.317545384,8.067001757,4.324677804,4.804977483,3.51671558,7.728909464,7.159074086,9.096073463,5.036185249,4.291468239,5.011925065
AT2G22570,5.78697244,5.677251919,7.055230646,6.484714696,3.646339948,5.469236419,5.381682329,7.106922621,5.919571301,12.01012655,9.121329178,8.895481051,7.113560551,4.807186422,5.193879719,5.734085828,5.914285955,7.864401257,4.49035222,5.383437589,6.245595166,6.321000581,5.030142256,4.575044498,5.288875617,6.88814891,2.373373368,4.588606979,10.6188429,6.499402377,2.875787908,3.214781538,2.018406822,7.236486763,5.475171737,5.929306091
AT5G23220,15.04534644,0,0.000281434,0,0,0,0.000275829,3.139151691,4.401749363,0.021850915,0.00035847,0.001045535,0.001960344,0.001838323,0.001454287,0.000318224,0.001632319,4.772605749,0.00027548,0,0.00016449,0.00125356,7.162085193,9.511327968,0.003057696,0.003155023,0.002076151,2.452146149,9.876646898,5.513803873,0.000403471,0,0.008770682,47.18524049,13.52184748,8.629902426
AT5G45940,8.026220746,4.278591892,18.91868027,13.59693988,9.279462808,14.13623884,2.906553718,0.010862979,0.009091081,0.021850915,10.97694577,9.920387476,5.886672735,5.227435787,5.829659939,6.252680364,2.337965543,6.594732974,15.8556832,17.18907148,3.411399664,4.772825547,2.982651831,1.421750917,0.003057696,0.003155023,4.686149952,8.245068742,8.591048334,6.493875653,5.471962359,4.544459649,0.094144652,7.817372141,11.49550666,3.768798343
AT5G66170,25.2144126,25.37702481,176.2390316,44.12355185,14.2980473,23.13192533,70.70958664,5.946450834,5.304753195,4.593900757,37.01621957,45.71264432,4.038013923,2.911535235,4.070202249,4.80097553,11.97559301,39.09840103,103.7724621,46.07188786,35.93280944,23.27513099,8.902800641,168.5360185,4.605457826,54.11724931,4.554981578,8.394086045,28.41850851,24.68939628,6.867902,4.144007141,0.460722946,33.49458377,24.59607895,28.42220554
AT2G14750,18.03654486,20.61541169,23.51619724,52.21903578,10.89941745,9.738088171,7.651563442,9.271104911,8.712093192,66.88610895,55.78779528,38.71207269,65.22005593,18.87040754,29.46482927,81.37180546,23.09114614,20.64076523,5.89819012,21.59873373,40.35323411,31.05195088,11.74654974,16.7151268,5.60255166,6.033758802,15.9787129,36.80898254,18.14685979,22.95830045,10.33108526,26.14464074,19.41097933,20.1199318,8.214802745,9.296971688
AT4G39940,15.47884802,7.944840721,2.213401541,1.14108675,9.583452224,4.805423027,0.000275829,0.010862979,0.009091081,0.021850915,81.19013729,53.22191245,69.28761249,18.94123816,28.72025683,93.96031861,8.62333859,23.38699543,2.154537687,9.67567569,100.238945,31.55956776,2.431115415,13.94283123,0.003057696,1.487007551,17.79582882,38.451825,12.01753499,23.77120609,8.905551074,37.36265584,4.215796495,15.32294031,1.377352849,3.194052443
AT3G01910,24.79928028,24.2095341,24.12608214,21.34079529,18.773184,20.96065636,23.530041,13.32744095,11.05150701,20.23534274,21.74665284,22.09953577,32.82260896,21.56589226,24.99637169,23.51190301,26.66814329,22.09953577,21.14106193,18.21783612,28.5468829,31.25122319,27.96029343,19.58325186,15.42213128,16.81127764,26.50145396,30.82099524,22.70666212,22.54332094,27.36168429,30.13346372,25.89061189,23.98216524,25.50442534,21.17299123
AT1G06000,31.34684042,3.352913758,2.63039231,2.931097517,12.02062683,9.493103471,22.63759019,5.318131848,7.081914252,0.021850915,3.74137077,3.693058991,2.315887088,5.8657256,5.736566348,5.288875617,3.958831116,7.739044937,9.787126314,9.688397554,0.904542138,3.447741295,4.083335577,13.3827964,2.893880349,2.509928209,6.636447754,5.210826905,14.76756052,12.79600883,5.89456707,2.829067585,5.606214244,0,0,0
AT2G45550,0,0,0.000281434,0,0,0,0.000275829,0.010862979,0.009091081,0.021850915,0.00035847,0.001045535,0.001960344,0.001838323,0.001454287,0.000318224,0.001632319,0.349068729,0.00027548,0,0.00016449,0.00125356,0.003170517,0.000180568,0.003057696,0.003155023,0.002076151,0,0.804546166,0.180761889,0.000403471,0,0.269186512,0,0,0
AT1G05530,2.80859061,0,0.000281434,2.637827975,0,0,0.000275829,0.010862979,0.009091081,9.05002405,0.00035847,0.001045535,0.001960344,0.001838323,0.001454287,0.000318224,0.001632319,0.838881971,0.00027548,0,0.00016449,0.00125356,0.003170517,0.000180568,0.003057696,0.003155023,0.002076151,0,3.795082374,1.856808557,0.000403471,0,0.015726443,0.437070928,11.88089967,2.199294443
AT1G05560,14.28500347,77.35660317,62.628261,17.07453675,1.507997142,1.943126935,6.340805423,24.06012847,41.40115024,0.021850915,4.488969906,2.88144368,12.17703376,7.686863252,6.873068307,1.865748198,115.4366132,8.337563876,3.434257548,25.37702481,32.34732199,135.9629619,0.003170517,0.000180568,0.003057696,0.003155023,10.86360154,4.748044448,14.40208722,10.3616775,8.90114333,8.400073931,18.40463046,0,0,0
AT1G52400,0.062873613,3.318441891,23.75217302,34.80273832,1279.817427,236.8734854,4.980069572,0.010862979,2.147689059,5.218668095,215.1934263,180.4675037,10.42319914,25.65769445,23.31208231,266.6177386,38.47192919,1.747409031,9.122898076,1233.855806,4.570330557,1.867435341,7.830208391,0.000180568,0.003057696,0.003155023,9.048217213,8.054309307,0,0,17.23589713,20.76268061,11.28479087,0.032458052,0,0
AT2G23250,0.004648268,0,0.000281434,0,0,0,0.000275829,0.010862979,0.009091081,0.021850915,0.00035847,0.001045535,0.001960344,0.001838323,0.001454287,0.000318224,0.001632319,0,0.00027548,0,0.00016449,0.00125356,0.003170517,0.000180568,0.003057696,0.003155023,0.002076151,0,0,0,0.000403471,0,0,0.020262441,0.30891128,0
AT3G21780,0.054421,4.505937408,0.598710523,0,0,0,0.909379687,4.595993966,4.486512742,0.021850915,0.563319601,0.533065906,4.69672282,5.246955581,2.708772959,2.280993364,4.269540233,0.078309565,0.00027548,0.088385914,3.211573425,4.59274884,1.344954728,1.755342038,0.003057696,3.527968246,2.657181192,0.83612898,0,0,0.921229211,2.533326209,13.95012612,0,0,0
AT4G04870,7.070981129,3.158150259,2.411719299,1.589841214,5.000165871,5.068045365,10.98214404,45.60644249,26.78577501,3.284735499,2.196122681,2.378763135,3.251603609,2.815041433,2.931097517,2.114005928,3.054460273,4.773045344,2.868318687,3.691776936,2.565983581,2.8587065,3.45262099,4.376157046,5.821091707,2.565116678,4.73759119,4.090288489,4.575044498,5.999006594,4.929940848,3.044331034,3.414294589,4.292725257,8.214802745,11.31374794
AT1G47600,10.05157994,0,0.000281434,1.849372833,0,0,0.000275829,0.010862979,0.009091081,9.789417029,0.00035847,0.001045535,0.001960344,0.001838323,0.001454287,0.000318224,0.001632319,13.36851026,0.00027548,0,0.00016449,0.00125356,0.003170517,3.221498781,0.003057696,0.003155023,0.002076151,0,53.66382218,14.34210693,0.000403471,0,0,0.205925868,2.409562569,4.771565965
AT1G51470,9.965593814,0,0.000281434,0,0,0,0.000275829,0.010862979,0.009091081,0.021850915,0.00035847,0.001045535,0.001960344,0.001838323,0.001454287,0.000318224,0.001632319,14.0701942,0.00027548,0,0.00016449,0.00125356,0.003170517,5.707643133,0.003057696,0.003155023,0.002076151,0,47.41495973,14.58393394,0.000403471,0,0,0.166538622,2.409562569,5.011925065
AT1G54040,0.005603951,5.921644137,0.671231625,0,7.303919881,13.5293079,0.000275829,0.010862979,0.009091081,0.021850915,4.327001501,5.428140922,13.90117427,14.37766726,13.19231889,5.425059507,4.272187323,0,9.300361787,8.525664465,3.185700223,16.1937598,0.003170517,0.000180568,0.003057696,0.003155023,8.995335771,0,0,0,2.633042787,8.387343467,0.131536924,0,0,0
AT2G33070,0.72248409,0,0.000281434,0,0,0,0.000275829,285.6981519,280.9036393,0.021850915,0.00035847,0.001045535,0.001960344,0.001838323,0.001454287,0.000318224,0.001632319,0,0.00027548,0,0.00016449,0.00125356,0.003170517,0.000180568,0.003057696,0.003155023,0.002076151,0,0,0,0.000403471,0.002908204,0.101834305,0,0.023088718,0.067830869
AT3G16390,9.143457552,0,0.000281434,0,0,0,0.000275829,0.010862979,0.009091081,0.021850915,0.00035847,0.001045535,0.001960344,0.001838323,0.001454287,0.000318224,0.001632319,8.670027484,0.00027548,0,0.00016449,0.00125356,0.003170517,7.144198897,0.003057696,0.003155023,0.002076151,0.251830133,14.13806731,8.596029292,0.000403471,0.16347456,0.000317104,3.481317433,6.487076205,0.8990072
AT3G16400,122.8590724,12.33293368,7.231316898,10.45980984,6.841501266,2.225210846,13.952899,0.010862979,0.009091081,3.453032094,44.12355185,39.64748999,6.31152139,11.35445612,12.22848969,59.29902081,17.60253391,402.3599013,7.749310978,18.08596335,6.19675446,5.997115905,28.95080905,152.4155659,7.85412598,10.69074741,45.68272814,302.5511027,383.8004653,483.7949342,51.94621219,4.80097553,5.259194545,16.95134705,2.799213659,4.771565965
AT3G16410,14.1029559,0,0.000281434,0,0,0,0.000275829,0.010862979,0.009091081,0.021850915,0.00035847,0.001045535,0.001960344,0.001838323,0.001454287,0.000318224,0.001632319,16.26101055,0.00027548,0,0.00016449,0.00125356,0.003170517,6.466287786,0.003057696,0.003155023,0.002076151,0.19991085,8.591991552,18.65370706,1.588908904,0.103529398,0.105528005,6.474961835,15.76625428,14.56297882
AT5G25980,0.220909682,162.6013186,31.92338539,32.18094081,416.8269288,416.8269288,0.000275829,0.010862979,0.009091081,7.06295516,1056.468263,1515.284255,148.2964163,240.3215529,312.1839626,1233.855806,5.259770392,1.537548239,705.2404887,444.7159719,8.926748901,18.70346002,0.003170517,0.000180568,0.003057696,0.003155023,18.58128687,0,0,0,96.45308933,74.85340048,59.48417136,0,0,0
AT5G26000,2.53643687,53.64981579,11.57839176,18.9914895,360.4408995,274.9335419,39.84350607,13.04818233,9.658236174,6.65541526,583.2614384,541.4619802,68.21300723,315.8565073,430.0693492,1515.284255,7.404678366,1.501637537,442.6414864,315.8565073,11.31772605,27.36948096,0.003170517,0.000180568,0.003057696,0.003155023,211.4476126,21.15679377,0,0,333.1154729,156.6803112,93.96031861,0,0.023088718,0
AT5G48180,27.68856063,218.0109533,66.1274538,64.66308845,15.47085336,20.80658612,69.90603273,37.72150528,49.27019548,17.28916072,13.52184748,13.76922751,14.3393066,13.86429958,15.80235497,17.64058313,583.2614384,19.87550159,39.25055803,142.948051,326.8968043,583.2614384,1.2920733,7.620508311,3.830244291,2.890700098,15.69314051,14.5642587,15.68387719,19.87550159,15.09980823,17.42264558,57.68030434,18.85163358,37.72150528,19.63946804
AT1G50170,4.392799838,6.244282028,7.099278833,7.241798559,5.692502597,8.023490605,6.315144182,10.60335578,8.01857091,9.728732743,6.684275604,6.924507513,11.14816514,10.90248227,10.28447353,7.853218187,6.042339397,5.040377849,6.166233757,5.521328455,6.268080452,6.82600038,5.716757478,5.428480925,5.215858569,5.986432177,11.24551144,7.803305523,5.282143707,4.909560522,10.33420679,9.475068989,9.366846164,6.474961835,6.114144503,5.478337223
AT5G40850,15.74517142,14.1228557,7.820617373,4.238054601,8.7053838,6.101168765,11.89354011,10.05821379,22.58488948,4.2735835,15.02196743,14.26775646,11.78907635,14.80757153,12.26814274,16.65206857,7.609224321,30.00986994,4.814680574,4.808626056,17.44074724,11.96853267,7.792599581,31.65559868,13.28641828,10.28254975,52.21903578,49.27019548,25.31370418,29.80758838,36.23003236,8.100819971,12.31264647,18.35284775,10.69601204,9.492176958
AT1G09940,11.13712072,32.02921095,21.12374722,38.24420834,8.534007601,3.184467005,5.70121147,8.929074577,10.54503636,47.84826362,3.52591178,3.758028742,4.645866601,12.98842572,7.866410978,7.638991147,14.0701942,5.946450834,6.254866737,8.415107449,22.37858104,9.298500904,8.34432778,12.15919641,10.42947202,12.12028534,10.96175554,6.240074134,7.552162717,5.381958256,7.435288049,6.860007429,102.5693239,12.50016099,7.475692178,5.011925065
AT1G58290,12.18177584,16.52778715,15.76898617,20.87221767,21.15679377,32.71612185,23.03968822,0.010862979,0.009091081,28.72025683,17.26723481,20.24854581,20.49362661,62.18645576,32.65605768,26.80088749,15.31882417,9.457077861,45.26572425,16.88979092,16.81349343,21.55086373,6.438650091,10.01430383,6.902227004,11.47781339,95.00027845,23.03968822,9.647793179,6.321000581,55.09661907,107.2201387,72.88892298,14.26331248,10.34304434,4.531038486
AT2G26540,2.850273957,7.072984786,7.696388707,7.557794808,7.806310686,10.71841131,6.793839132,11.98885019,8.401908306,11.24969634,4.311942675,5.219153454,8.804348342,12.11822748,13.64685445,8.929727893,3.564770543,2.200379387,8.526959024,7.741059228,4.68392221,7.05797468,3.559274719,3.419219885,3.413901239,3.683776192,11.7861088,4.272187323,1.69571543,2.056139808,11.12502466,7.557794808,15.46814674,4.554812808,4.543930876,4.026724626
AT5G08280,12.17823786,9.373844291,9.324216596,7.22339937,21.1891887,40.66524768,17.73736981,14.59499089,14.57047205,6.703510757,12.08696347,12.77974546,22.95830045,39.75762457,40.92692418,26.51823978,10.36254508,9.366193773,18.88235672,16.48196031,8.525135386,12.74552861,6.472460198,6.330998752,12.60556469,9.680650828,50.63381458,24.28119359,10.59447489,9.727039164,66.41002448,22.09531567,22.70052733,11.10809,11.49550666,8.866374071
AT5G63570,12.71035575,7.22637101,6.395802621,5.237385943,11.29827996,20.2316516,9.33017169,7.986398417,8.629902426,7.640554717,10.29052732,11.47781339,14.76756052,20.11744122,19.86890319,16.69455872,8.670878041,9.991290304,11.11661495,10.70849794,8.906572601,11.98547636,7.299075834,8.032858784,14.69659605,23.12994451,24.78188312,17.82256263,10.78653861,9.918429131,25.89487044,16.70273373,19.38947227,15.32294031,10.86812728,7.814198548
AT1G61820,12.69415543,2.770658939,1.789378742,2.766947815,0.728849506,0.366913109,11.80300925,0.010862979,3.160378721,0.021850915,14.30086804,13.37531067,0.001960344,0.001838323,0.001454287,0.000318224,64.66308845,9.667865644,3.639613527,0.24370121,16.87112187,8.91111679,13.36851026,43.80722901,0.003057696,103.0996751,2.035527459,13.59265621,15.27348756,11.97559301,0.000403471,0.300267787,0.001608068,29.22326151,0.820385807,0.977780615
AT1G10670,63.28045387,18.20815159,14.61191278,25.54938849,57.27740632,61.77547974,41.80791304,4.261187465,4.485527442,23.19791304,51.9189952,56.68246647,26.10458987,36.05425936,38.58002986,38.15105424,12.7137508,39.34328375,96.86515527,37.06594763,20.40495262,35.54022718,23.92248911,21.32898496,30.43132518,16.9145143,31.67624119,45.57266181,42.21702773,43.99530364,40.40078971,26.88620763,18.81396468,45.1046665,64.20106915,46.48786615
AT3G24503,31.30139639,11.54327438,11.31194979,4.037248659,3.809249183,5.736566348,8.782219741,23.58920677,17.80387814,0.021850915,10.53939739,11.65898674,31.12751899,51.81801178,52.64373757,41.19579583,33.18780031,40.26081226,11.13509782,7.087483323,10.95366971,13.90117427,3.823320328,12.00017896,0.003057696,0.003155023,36.75624531,30.94234397,59.55020916,44.62607097,23.54302167,20.30605237,22.66238265,33.1646052,13.1706177,6.433358457
AT4G36220,3.683776192,4.304395537,3.494773831,0.488577883,4.755000665,5.679129086,36.60507554,7.05797468,5.689863743,0.021850915,73.72044746,67.87786871,8.287994746,11.36860943,12.35962221,15.53389975,19.39300052,6.498857824,4.068761551,4.991857308,31.0412499,59.84317112,1.550776587,2.472493461,0.003057696,0.003155023,13.51887687,13.53683693,7.292717158,4.33542116,10.51038003,15.15540815,9.511327968,2.850950429,0.820385807,2.545674963
AT1G14290,10.6923327,12.37398744,20.57722063,71.11446672,8.61773951,14.40067612,6.637077529,2.10860386,1.87068562,80.43638611,4.572400698,4.331893222,3.759479451,8.4425528,9.137047696,8.722849882,1.42842847,4.60328392,6.264791874,19.37478102,0.45835108,1.28798427,2.799868226,3.466325557,3.95186473,3.985676692,4.070756323,4.843055412,6.888556048,4.601892439,7.943140398,7.750106265,5.648120108,7.075016849,26.33652971,7.121063702
AT1G69640,14.0017648,21.42639843,13.86429958,10.95946366,8.044649815,7.55130427,6.712283099,9.73718863,11.56479824,15.04534644,9.924099454,9.98520727,14.22635599,15.09252209,13.54335334,9.979262203,17.26617448,10.37084987,7.34640717,11.90595595,11.10870759,17.23190977,8.213373831,9.780121779,8.343438978,10.18404098,9.48221533,8.385903609,15.76700762,11.71999026,8.245564749,10.9014111,11.19426729,18.85163358,14.2780627,9.939917499
AT2G34770,14.86235731,38.49471554,43.07385794,92.77070487,15.80235497,12.17481725,11.99716537,33.47120224,33.5179653,100.839718,5.749599995,7.070247075,15.16414932,20.90771306,21.4048048,8.791485968,8.408799455,11.55222724,15.09980823,27.4421689,8.010895259,12.99686522,37.60410733,13.36038252,19.34306522,12.86817396,21.80392376,9.370789508,15.32294031,14.75422567,24.29655177,16.94660742,18.19370826,10.37084987,32.27995921,17.25144951
AT2G37940,18.08784448,18.05188926,16.88163702,12.5022389,8.340882812,5.685665346,6.145867687,8.34432778,9.028551358,5.469236419,8.049501406,7.986398417,13.557837,25.45214547,13.51504897,15.62975957,24.36969678,14.38291725,6.689845412,7.798104674,11.05030135,7.646255576,11.49306624,11.71601719,8.725805449,10.97956625,11.23331338,12.71671225,15.06187033,13.32744095,7.546542218,8.485845364,34.61175352,21.42405891,26.80541658,14.11816008
AT3G06060,9.37229049,4.354770955,3.709553991,5.457428545,5.022647884,7.090213105,7.209558931,8.020030753,7.418299452,11.88412806,5.737534707,5.903211965,4.22055067,6.869138331,7.090648069,8.034630549,4.105229267,8.20201299,6.441928789,3.163537907,3.536525145,4.062481665,5.202581435,5.485006606,5.475450526,2.999523231,7.393747607,7.789189433,8.238805482,8.349288701,8.132909206,5.747159465,5.023215579,8.581763373,17.80433835,11.95903184
AT3G48780,9.454915674,29.50913318,51.32081832,62.33082551,8.57018429,5.906614648,8.597849709,11.91914055,13.55452802,64.82802071,8.932619133,9.271104911,8.539718587,10.60834204,9.720927967,8.786164303,17.82629334,10.42745391,7.205475131,24.47175298,10.27249067,10.34555654,10.88885611,13.80696015,7.869212307,7.55626179,6.707674047,9.225717459,11.74027777,9.96662953,9.274728569,10.77521024,12.34517086,10.90563977,13.65581445,9.721771246
AT3G61580,25.3559473,51.81801178,55.65968392,139.6176371,34.21842223,19.6420616,21.01143426,0.010862979,8.135466381,149.6340969,14.84450082,16.53407286,8.184546018,61.32747614,60.05582165,39.84350607,12.45004314,14.38385255,32.1866354,55.09661907,29.38511319,27.69909054,10.15964513,26.82383611,6.340805423,5.061101408,27.4421689,23.54924645,15.76550094,18.45575982,43.70396714,42.40027782,40.99651388,14.59605476,43.37248248,34.61175352
AT4G04930,0.227386714,41.00731041,58.51390421,181.2336546,9.281562087,2.457366688,0.000275829,0.010862979,0.009091081,193.1484035,0.00035847,0.001045535,0.001960344,0.001838323,0.001454287,0.000318224,0.927260652,0,4.279882866,57.10582439,1.018411515,3.354600672,0.003170517,0.000180568,0.003057696,0.003155023,0.002076151,0,0.27484183,0,0.000403471,0,0,0.952874437,2.799213659,0.067830869
AT4G20870,13.69983179,23.50645864,34.11742295,108.3282392,19.74749302,22.22171626,11.45503952,3.000839999,2.48465912,120.1602374,8.438961258,9.184323423,4.253939862,14.92601799,13.39440598,13.59693988,2.328835041,11.38217551,17.49757067,35.74152063,5.648120108,9.027658859,6.551665969,8.207296266,9.730458494,6.042675685,13.60920426,14.28360644,15.37399391,12.49788513,18.13946824,10.34304434,10.69668314,13.03460223,29.79327719,13.75693677
AT4G36480,9.045778943,6.481586499,8.194191388,5.557568654,5.787434457,6.345947726,6.44307037,8.222401915,7.300561506,10.27592873,5.657556749,5.91670554,5.926071218,7.872952619,6.9728461,6.928349799,5.951657544,7.815700823,7.114774378,5.431611102,4.332157652,4.807545834,9.042528851,6.319199765,7.244850428,6.391357535,6.055174026,7.313158581,7.746817874,8.342860566,6.896388794,4.300590985,5.076052792,8.01572457,12.99514606,10.53865615
AT5G19200,2.937712122,1.803910933,0.579603609,0,0.493030647,0.775215384,3.499354839,4.324677804,4.929040167,0.021850915,1.919890406,2.028002092,1.853905786,1.86917746,2.249024637,1.945279681,2.323186782,1.770649913,0.731130922,0.135840689,2.354760945,2.418911024,1.161657017,1.714228851,2.983665675,4.082079987,2.219994191,1.417802905,1.555628696,1.758884596,2.03757693,2.900180346,1.381104624,2.063431517,6.487076205,5.708952612
AT5G51290,5.299511145,8.430633423,9.186555369,14.33678622,5.514455132,4.249083685,1.63857121,5.645237672,4.612276454,22.3901646,6.87693681,7.232468858,9.606578919,6.499918021,8.210804148,7.8513753,12.27161159,5.737534707,6.232859123,6.268909297,6.43523208,6.241497384,5.264978497,6.130422666,5.031552725,7.205475131,5.469236419,5.430167149,7.497128798,5.936038819,5.999542251,6.09582537,6.243687865,9.469153594,7.282510706,5.708952612
AT2G27860,44.12355185,27.49988353,26.66814329,28.72025683,49.94577936,47.59619676,28.34101852,16.83562912,15.65402017,22.53617058,68.21300723,62.69668421,37.06594763,41.52702829,47.59619676,52.64373757,17.98942624,38.46452414,64.66308845,34.61175352,26.13728448,28.11692736,31.45155986,31.35876162,27.17337723,19.74023686,30.32526328,49.59301118,30.25592669,36.81603456,46.42720199,33.57394042,18.80617279,30.64471948,78.37038189,36.18451477
AT1G79500,8.099247142,0.496419972,1.534687647,1.260705941,7.414500294,9.182352451,6.561645162,2.819432745,1.907382024,4.81135595,4.259794874,3.750133198,4.235860098,5.791456723,6.118269044,6.911638911,1.564316312,6.337783723,6.538214146,4.848485716,2.502497568,3.418436164,5.000165871,5.827392871,7.019141893,4.787142187,6.103205149,5.944531017,4.742886085,6.353444462,6.538214146,3.687277019,2.937045549,4.292725257,15.21064354,13.75693677
AT5G04490,1.383435219,8.436065773,4.546719526,3.752021361,6.322921437,7.824913811,7.994533078,0.010862979,0.009091081,0.021850915,6.633650988,7.638991147,20.14206245,15.10376363,13.76842964,7.99670163,9.190729066,1.272154933,8.841367145,5.292738669,8.395207864,19.44896093,2.5669292,1.801082572,1.710047873,5.416793772,13.09621652,5.160897042,1.571360702,0.348805953,12.53946593,10.3001708,9.461830407,3.765948016,1.377352849,0.542755523
AT1G14810,20.35420468,5.296004896,4.236158508,1.707171834,7.6417601,7.694693876,6.504001749,8.635023483,9.295546611,0.021850915,9.33489257,8.28228562,9.280277523,9.05002405,9.304250731,14.28500347,4.986598336,16.39663527,3.198694706,6.260607865,10.53129358,5.156545839,9.875259634,10.18457295,25.0494624,8.002988473,19.93320918,18.04535876,9.09295397,16.9145143,22.02837401,12.49367014,11.73359018,6.474961835,13.93592758,39.62607886
AT1G31230,9.293520622,2.548346022,0.79472169,0.289070549,6.696894555,5.871687906,6.258153848,4.695221075,4.086210238,3.849131919,19.40944178,11.0645557,18.09247908,6.641374943,8.838680518,15.68387719,6.436783811,12.67927546,4.564954549,5.679905123,21.2487721,13.1951147,5.15021485,8.573568719,8.350162853,6.922807534,12.5108983,14.75422567,8.670027484,12.98253728,11.46253934,11.64142448,9.507681284,4.554812808,8.407281793,11.72781494
AT2G45440,10.60430882,6.455485541,5.19744469,3.800198665,9.267854903,10.16326964,7.433077554,19.93748133,17.47267126,0.021850915,6.237475159,6.125566703,6.659833789,6.560791556,6.270838817,6.644252461,7.437010605,8.848596836,6.136311264,7.877318311,6.695550087,8.043330651,12.52993746,12.36457049,15.60628543,11.25232884,10.54608749,11.70815817,6.164796655,9.230807817,11.35606126,6.644794056,10.86510664,6.674731152,8.026220746,19.41097933
AT3G02020,0.375283471,4.554098315,0.000281434,0,0,0,0.000275829,0.010862979,0.009091081,0.021850915,56.37624921,28.87013351,39.8921105,9.915920087,17.438628,39.75762457,7.232867064,9.727930718,0.00027548,0,42.23089418,18.78277311,0.003170517,0.000180568,0.003057696,0.003155023,5.38377837,19.07855322,5.058643019,6.459923177,3.740906607,18.82093876,2.090429085,0.05986572,0.023088718,0.162035152
AT3G14390,12.66472758,2.121986162,2.255370205,0.884067026,8.181367406,7.34256426,7.079787079,4.821524419,4.813326509,0.021850915,5.311882127,5.222887433,5.514131237,6.134520814,5.659872151,6.681874291,3.959446219,9.461293108,4.146133317,5.790272326,3.462166504,3.773291479,11.65194477,8.029154234,14.60388663,5.283045193,11.88089967,9.316256709,6.276665633,11.65194477,13.05104575,6.677712205,6.837824924,3.765948016,8.407281793,22.24376252
AT3G53580,20.1465176,7.432405291,8.482360111,10.50621328,17.25144951,15.76550094,17.47497933,11.12270272,10.06222154,21.28718824,12.63506308,11.89696595,14.85209095,15.10189047,14.94287245,14.2980473,8.579315742,17.65905163,10.37015759,12.87361816,7.878759359,9.143457552,17.51567675,11.74844338,36.71565733,15.03429998,17.73273288,14.92805169,14.65774673,17.99416008,20.07985017,13.39522855,15.64266781,15.32294031,13.80569987,27.89376317
AT3G60880,8.028574976,3.808072893,3.142480778,2.444776355,5.514131237,5.317197047,7.312300675,14.93774498,13.60920426,3.775770899,5.928585678,5.888761025,5.746497985,5.050862814,4.997690908,6.323907011,5.032528877,6.826750979,3.962824996,4.071117777,4.494541934,4.816354084,11.66833583,7.613719884,15.5363187,10.50319267,7.634644712,6.705749427,5.679129086,7.999961469,8.329284445,4.225065971,3.820873713,5.036185249,7.475692178,15.8913558
AT4G19710,10.15541871,2.502497568,2.928930802,1.912876693,5.6917133,4.287644936,5.034093977,7.301665721,5.506317808,0.021850915,5.910003024,5.292738669,5.29220945,6.465096101,6.863328188,7.233636163,4.083711452,7.051248582,2.884371999,4.521382942,2.32219825,2.780134105,8.227431256,9.374461656,12.77974546,16.6444433,11.84810066,6.486049241,4.972317842,7.692405241,10.70337134,10.29293304,10.89941745,4.292725257,7.282510706,14.34329444
AT4G33680,22.6492442,7.308035567,6.64996321,5.432368676,16.72400359,20.95052164,25.20104979,7.241798559,6.13154631,6.922558328,10.93862093,11.65114276,12.6837316,15.11474831,14.46901524,13.15571345,8.033902584,16.7368649,11.46363922,13.557837,8.183415024,13.32744095,19.87784403,11.99293085,29.57467943,14.41748257,23.86824316,14.2980473,12.63112777,18.12248919,27.60813062,12.97462229,14.10117513,11.57523066,15.92740862,35.79460824
AT5G11880,17.83073001,3.140375206,5.41917686,3.503385038,10.1785372,11.74198957,9.05002405,6.312617102,5.882922066,4.525142204,9.370312708,8.410021226,9.672150089,10.14911634,10.09211385,10.51038003,5.994567471,16.30586775,6.434449044,7.435817944,7.110180747,8.338790287,18.03910875,12.37229169,46.34966812,23.16367457,17.24388611,12.63112777,14.00414011,20.71921199,17.27513882,6.862208571,7.635556234,9.469153594,13.1706177,23.75968169
AT1G21640,6.162375778,10.97694577,8.209330152,6.03093514,4.237207659,5.202238639,3.848094164,10.79045252,9.664465401,7.694693876,8.480931497,8.929074577,11.99427306,11.1948837,12.49970539,9.336182861,10.29293304,5.665585022,8.436065773,6.398277488,9.461293108,15.42213128,5.254644012,5.227435787,4.766382856,4.266776454,12.80953715,5.482864832,7.36243219,6.226712977,10.94870363,13.98770789,16.2914579,5.89499759,5.242512223,5.478337223
AT1G78590,2.841924648,4.334387799,3.553595567,7.407309146,3.497612628,4.251319601,6.630778757,11.35230426,9.851318536,16.35216048,3.497612628,3.216340596,4.003514683,4.270788313,4.297440418,3.406964768,2.902345821,3.149819933,3.196821104,2.72497448,4.22055067,5.350127241,4.914162291,4.219801824,4.463220045,3.971028639,4.483177251,3.432907268,3.523887833,3.148494854,4.472909252,2.913674537,2.656741218,4.038477681,4.291468239,5.011925065
AT3G21070,24.762288,22.52090799,23.76180518,12.87154963,10.52266241,5.517526969,8.540008112,16.80611461,13.51168043,2.710337896,4.33542116,4.323055252,5.82177931,17.44759331,7.55249347,5.149763307,12.77476845,14.4213587,4.348772826,8.191692408,12.44817029,7.854547742,14.76756052,14.22778455,20.24344937,34.04838249,10.06222154,6.84715257,34.88584241,14.91130779,5.730399682,6.050951523,81.19013729,46.08405431,13.35277519,6.659833789
AT5G37510,46.09622076,23.0452404,17.18221415,13.60920426,16.69455872,20.13512785,14.58393394,17.42100773,19.52359238,12.15531292,15.11126355,14.34210693,15.14501831,14.34892031,15.68690298,18.15239209,24.80932233,31.95615893,16.69455872,18.41526984,20.41101307,27.61554436,11.18480826,25.66409377,29.69845203,24.24078817,17.46570544,19.06716817,41.62465719,37.45299836,17.99665543,20.71921199,14.6444181,37.70918919,37.16993431,33.02054662
AT1G04220,19.80875282,6.270327301,27.09742778,14.87284469,18.85163358,13.25583475,8.582901463,0.010862979,0.009091081,0.021850915,3.10332284,3.562796504,2.217194003,8.323044063,7.302495155,0.820848601,0.836809064,8.896890316,37.99633355,33.10361939,32.3872783,10.15964513,0.003170517,4.748044448,2.556295838,0.003155023,0.002076151,7.217896364,13.51168043,10.94739599,1.032333355,7.494620535,0.015140646,5.471269125,0.0587917,0
AT1G25450,4.2735835,5.438798662,11.04596382,4.687612112,6.828730606,9.404825959,4.026946826,2.325214673,2.409562569,0.021850915,0.00035847,0.001045535,1.566096791,9.266561971,8.222401915,3.85623078,0.001632319,2.513273819,1.911716131,5.514455132,2.366599794,3.852283197,1.17094925,2.519263337,2.550584786,0.003155023,7.008673652,3.125251501,6.684650299,3.772392851,12.50708944,2.099292882,0.000259477,3.179453056,8.407281793,2.884082229
AT4G34510,0.849657378,0,0.000281434,0,0.204497699,0.244704383,6.790183758,0.010862979,0.009091081,0.021850915,0.00035847,0.001045535,0.001960344,0.001838323,0.001454287,0.000318224,0.001632319,0,0.00027548,0,0.00016449,0.00125356,0.003170517,0.000180568,0.003057696,0.003155023,0.002076151,0.294233224,0.313995069,0.117841878,0.000403471,0,0,0.205925868,0.387653517,1.238782626
AT5G43760,17.44258697,18.80816559,45.22369823,10.96931186,18.45830327,11.35880386,8.138914892,0.010862979,0.009091081,4.474509456,6.850378123,6.711835838,8.418191633,30.18803312,25.14684042,23.602342,15.31133354,18.33881307,18.04976752,19.38947227,15.8913558,9.512069124,15.3795909,15.05999799,31.05195088,12.08327764,27.86271363,24.12608214,19.20029769,19.06931101,23.26355045,23.20808211,15.63550157,19.06042749,15.47731886,3.768798343
AT1G15550,3.74310908,0,0.000281434,0.930219269,0.472366647,1.398808713,0.000275829,0.010862979,0.009091081,0.021850915,0.00035847,0.001045535,0.001960344,2.417389128,1.402138597,1.354265197,1.042840001,4.289179076,2.028002092,0.122135224,11.24239263,0.00125356,1.131144818,0.58057285,0.003057696,0.003155023,1.504309068,2.771195803,4.468866714,3.846140939,0.973098481,1.230645696,3.22570125,1.570471219,5.697587564,3.490697209
AT1G80340,1.182002161,0,0.000281434,0,0,0,0.000275829,0.010862979,0.009091081,0.021850915,0.00035847,0.001045535,0.001960344,0.001838323,0.001454287,0.000318224,0.001632319,1.13523136,0.00027548,0,0.00016449,0.00125356,0.003170517,2.014377365,0.003057696,0.003155023,0.002076151,0,1.434233593,1.629670076,0.000403471,0.019750371,0.000315715,0.952874437,2.799213659,0.279282946
AT4G25420,0.070560159,0,0.000281434,2.80774296,0.170565743,0,0.617590022,0.010862979,0.009091081,0.021850915,5.82382561,4.590486714,1.553183616,1.345388072,2.775963048,0.909811967,0.001632319,0,4.734240975,0.79652643,0.00016449,0.00125356,0.003170517,0.000180568,0.003057696,0.003155023,0.002076151,5.825778289,0,0,1.125116044,0.162633931,0.127517106,0,1.377352849,1.734109799
AT5G07200,2.04843152,0,0.000281434,0,0,0,72.58878811,3.189152663,9.279649873,0.021850915,0.00035847,0.001045535,0.001960344,0.623827681,1.322513902,0.000318224,0.001632319,0,0.00027548,0,0.974196738,4.292048647,0.003170517,0.000180568,0.003057696,0.003155023,0.002076151,0,0,0,0.000403471,0,0,0.01005785,2.409562569,3.490697209
AT5G51810,1.513599398,0,0.000281434,0.927260652,20.19108725,9.65191058,15.03946763,0.010862979,0.009091081,7.642523797,0.00035847,0.001045535,0.001960344,0.001838323,0.001454287,0.402942822,0.001632319,0,0.00027548,10.56303302,4.489618548,0.00125356,0.003170517,0.000180568,0.003057696,0.003155023,1.187027776,0.564641741,0.324406517,0.142219694,2.523230106,0,0.002117784,0.205925868,3.156234014,4.277215559
AT1G04620,0.09007839,6.694386763,8.034630549,5.740053088,4.138888283,6.871991299,13.1441239,6.668105223,6.09582537,5.064584956,4.764794699,5.520332959,10.52530785,6.558723898,7.795909783,4.777996418,9.865184077,0.885305818,6.094042829,5.957840065,5.992394141,8.237253564,1.489371445,3.177910367,3.247344316,4.479811067,9.152811094,3.533968754,0.220261601,0.378554924,7.877857012,6.551665969,9.496882094,0.127306443,1.377352849,2.199294443
AT1G44446,3.143854075,4.92775842,4.754054818,4.533418617,7.290877071,17.60712907,14.12396169,15.96551252,8.522469934,4.929497284,12.00017896,14.38291725,20.56208582,30.49024073,21.25188976,15.75347592,9.487716903,1.763321256,20.630928,8.600237914,5.268749428,8.049833229,0.003170517,2.715250762,1.56732659,5.703872126,54.62780625,11.28479087,3.154071012,0.722016173,44.56836515,44.91809593,30.6756645,4.038477681,2.409562569,2.545674963
AT4G13250,2.475907421,99.90441158,168.5360185,47.79427816,17.80387814,19.87165887,9.915920087,107.2201387,68.43243161,4.478875956,16.53407286,20.1465176,67.46012975,22.24903023,35.36048915,13.92407966,416.8269288,7.075512411,38.89698433,143.3934826,42.78991886,41.34173186,20.74318664,4.062481665,12.63112777,40.40078971,20.91762039,11.85123157,2.195608447,1.507160815,24.48430461,13.20010918,13.16760077,2.063431517,0.387653517,2.199294443
AT5G04900,1.086081928,9.640677808,11.07126688,6.683929073,4.242126645,5.242852217,10.97497667,5.272099031,4.026502426,0.021850915,3.794226282,4.54712093,11.78169677,8.242303853,7.228623228,3.974473816,11.1948837,1.17094925,6.534741706,6.688867643,7.411735309,9.851318536,1.845443226,4.274353596,4.550572261,3.537972069,11.20282876,4.150644557,0.514063428,0.972542293,9.924099454,9.140809924,10.3331284,0.952874437,1.377352849,3.768798343
AT1G74470,10.98214404,5.463779719,7.618357995,5.155745539,41.83854689,69.46482892,55.78779528,4.995012808,4.977466818,5.470103434,40.92692418,52.64373757,87.22263557,143.3934826,112.634275,78.22807908,10.50088247,8.4425528,88.57166748,33.53757344,15.49009619,26.16710699,0.003170517,4.559956454,3.553053994,5.465206477,219.7001424,51.47947149,8.329284445,5.227435787,242.4684368,263.1492989,248.4032816,11.96166239,1.927265861,2.545674963
AT2G30490,155.6603425,21.43098776,8.48649233,5.500252249,26.10458987,52.07224969,26.60329561,13.50983796,12.44570988,4.470011811,168.2250849,159.7066668,10.59741867,16.99025416,12.70512762,14.7365318,31.31627829,59.7359181,97.60646501,18.88603644,55.25671394,117.4098338,53.66382218,74.74020121,14.38291725,95.00027845,18.97344778,26.33652971,99.03322535,61.99376721,21.76006305,28.70873642,46.54683108,265.4625426,49.10334278,16.08410963
AT1G48030,20.81196296,15.22990884,13.09515237,13.10745688,13.36727509,26.00487447,16.58813547,18.3342447,19.88045407,13.66156613,22.95830045,27.22959147,34.88584241,30.04623843,28.87013351,25.36083288,13.47307799,19.8058578,45.57266181,15.48148871,18.26027577,34.30420907,22.24903023,17.42634276,16.10671724,10.85938812,60.81367216,18.92710621,21.57233473,21.51250784,35.81332487,35.194936,42.54859365,17.438628,13.52184748,20.57722063
AT4G13940,891.4399442,46.33111249,35.04664684,25.66409377,149.1889309,131.0384368,75.69155005,17.13750258,19.61687879,12.08886696,315.8565073,337.83891,63.43735689,74.05807784,84.73197036,136.4496112,43.74294248,369.7309768,160.5405566,101.4905442,115.9303603,159.3381095,397.5847241,365.2141011,91.89090558,133.7099657,73.1407019,244.9224792,252.6514196,383.8004653,134.4629963,144.2252945,71.2333218,434.6284005,1279.817427,448.2567783
AT1G80330,0,0,0.000281434,0,0,1.573608264,10.35268895,0.010862979,0.009091081,0.021850915,0.00035847,0.001045535,0.001960344,0.001838323,0.001454287,0.000318224,0.001632319,0,0.00027548,0,0.00016449,0.543334096,0.003170517,0.000180568,0.003057696,0.003155023,0.002076151,0,0,0,0.000403471,0,0,0,0,0
AT1G05160,2.240987987,1.906675747,2.481026805,2.143475086,4.054720502,3.523887833,25.37702481,5.828686691,4.605763453,0.021850915,5.021174655,5.043601201,3.964498666,2.726259264,3.564770543,3.389660612,3.648144349,3.152993753,3.777448676,3.278198625,3.961543396,3.79304904,5.73521132,4.590486714,4.222563345,5.491061558,3.543891863,3.64004938,1.639456453,2.707458393,4.552275681,5.046436005,5.422855762,1.570471219,4.291468239,6.659833789
AT2G32440,2.520776661,3.704055206,3.136520208,5.202238639,7.116192453,6.477947959,2.877535166,16.81127764,12.71117716,11.30557919,7.433077554,7.862536373,5.519358743,4.483914222,5.74920511,10.34555654,3.535894,3.448873972,11.8109,6.113414226,7.82261792,5.645237672,4.271237458,6.83264759,2.219520331,3.691336634,6.328344376,11.28358689,1.501637537,2.662080679,8.380977653,7.699312952,6.254866737,1.570471219,3.758993136,9.492176958
AT5G25900,6.33920119,12.26736406,11.36898673,7.617555279,6.63842401,5.70685535,24.89073542,41.13778267,30.37276241,5.161605944,8.242303853,8.138914892,5.277258506,6.85673364,7.790981465,11.70981795,9.660179817,6.483763197,7.427622241,8.322613723,13.36464197,16.51562523,14.81552469,11.95202164,14.93662647,16.51562523,6.259348397,9.337277528,3.4346592,5.929026092,7.606537137,9.850034922,6.710091166,4.038477681,6.114144503,25.15849096
AT1G79460,2.276268391,1.025331391,1.737889441,2.371135539,5.885633512,5.285182153,9.032883439,7.065468291,5.994567471,7.544155137,6.840902346,7.407777455,2.835439049,4.094171738,4.998320459,4.693749239,3.799950563,3.410117553,6.267594509,4.345066095,3.05189425,4.695975602,3.841038852,4.812910599,5.034696893,3.170258181,1.203707272,4.682034116,2.107658271,4.004968783,2.045294802,4.400039445,3.001329398,1.570471219,4.543930876,6.659833789
AT1G23360,2.21092592,5.930214621,6.928590435,4.360738452,10.38406155,10.42689989,4.031739188,3.257709697,3.155176585,2.894304985,6.247731739,7.557351419,11.48776125,8.866374071,9.406826839,8.615836793,5.514821999,3.506455304,8.721889536,7.864946134,5.154086589,4.257132646,5.061725982,4.834011972,4.150644557,5.504987204,10.0541064,6.855180081,2.266224433,3.046263147,9.682718109,5.671425162,5.882041976,2.850950429,2.799213659,4.771565965
AT1G60600,0.527519166,1.405549502,2.228786674,2.025963162,4.988814371,8.801339096,2.82116504,0.010862979,0.009091081,7.01510756,2.652337191,3.320062094,5.051331374,6.321609503,5.907268516,3.966595444,0.001632319,0.095464058,5.500737735,4.474793821,0.00016449,2.261366279,0.003170517,0.000180568,2.428215058,1.606316267,5.994123522,2.643927622,0,0,7.102067549,5.515238697,5.524572045,0.437070928,0.30891128,2.199294443
AT1G75330,23.59422236,8.398590223,7.914325086,6.050951523,18.46693883,18.25426231,16.54845496,16.10671724,14.86608503,4.147657464,16.52974006,16.62001857,18.21427537,15.20747373,16.06821152,18.20815159,10.05881077,23.9032816,10.27052104,12.77974546,13.81703613,16.89207417,23.39167636,26.94402349,33.65340396,22.63759019,20.630928,21.07078047,15.61279029,26.19440087,25.99769204,15.33815837,13.54335334,12.67283603,22.06097554,45.91634456
AT5G46180,6.928470117,42.01074229,37.65827282,18.79836758,4.107241727,5.320790656,7.621416445,38.04026044,28.72025683,11.67325378,8.065387064,7.946790783,26.62699768,6.657030985,7.418771923,7.398293379,59.10882748,10.28748829,5.826955688,17.81055945,24.33810124,42.65803505,10.01091047,15.464,7.656510082,20.25909723,6.343665121,6.197727663,10.34235409,8.063721804,7.350379613,10.77160314,7.84576869,8.913850804,7.475692178,6.892014255
AT1G37130,55.37819733,60.67533856,3.741757529,4.823958949,8.405189649,1.939274919,2.598446441,0.010862979,4.741644257,7.497786354,56.87744143,72.58878811,71.2333218,82.91189723,68.97877148,98.19309737,47.71494973,61.63748241,11.73936179,5.194638528,24.46597247,28.94199338,37.37477251,96.65511291,43.948884,186.2400437,171.2905569,333.1154729,23.22268099,45.27658199,139.9618864,240.3215529,194.8415108,71.11446672,24.79737353,8.032105654
AT1G77760,11.73936179,60.00018461,12.6976779,9.052751001,3.241409601,0.188967482,13.71973334,6.90746191,16.72042088,5.885161339,23.36205229,18.25426231,8.604917591,18.64872857,20.0062667,12.79154141,13.09621652,79.24013084,0.405125163,9.91729888,36.51624496,1.511417887,37.70918919,26.09804817,50.06864714,49.59301118,41.61022341,66.88610895,13.54063355,28.34887206,62.55286308,14.30342219,19.74749302,24.75691444,5.475171737,3.194052443
AT3G55030,4.765128536,4.033420663,3.763376318,8.792879271,5.517243847,7.852572025,9.336182861,7.751469073,6.399492856,17.19825826,6.722343565,6.439356481,6.266142482,6.698868496,7.072984786,6.335500675,3.968166791,5.046110575,5.736859021,5.738372891,4.761969511,5.069293663,5.518993573,5.668766952,5.875201394,5.636015956,5.155359582,6.08800027,3.388644207,4.822772782,5.635231622,6.905752539,6.693067792,5.259482469,10.69601204,10.90248227
AT1G43710,25.13288392,14.33678622,9.271104911,24.47175298,12.26955104,14.17088151,11.73936179,23.38170094,44.44541778,33.72923187,15.02959135,13.94942135,17.09169594,12.44611492,12.67752515,11.45503952,9.225717459,24.64400082,14.41498079,12.63112777,13.46810917,27.00321752,10.82534209,14.20751408,23.21972644,16.47438878,15.11474831,26.92932502,18.86314225,25.09106607,16.82579382,16.08467326,11.78543997,16.61756139,29.08474181,29.29316913
AT2G38670,13.76842964,11.05890788,8.628625089,7.869737284,18.18918686,13.65632806,15.70620121,15.0959732,12.67053861,11.54766089,8.530664439,8.149440982,11.04843541,11.23396118,11.65729484,9.605065441,13.53683693,11.91624673,10.29575267,12.19578755,9.453673444,11.47565401,9.607705226,11.97733074,16.90867536,10.15541871,9.031518283,10.86414144,8.149440982,11.96644692,9.998231858,7.105449276,6.35770718,7.421723771,20.07269031,22.24376252
AT1G80860,6.490422423,3.785005156,4.554644037,5.047278725,9.853619706,14.59966354,17.82907819,3.960358426,3.799950563,8.591991552,6.249301634,5.90056467,7.637486683,7.544155137,7.699557751,7.869737284,4.508435971,8.407281793,4.056308397,6.254094023,6.916460964,5.248779979,9.263258422,8.215640747,4.646520466,5.381958256,7.609755684,8.840063849,6.492189002,6.463382219,8.047614703,7.989562679,5.527300925,6.278369671,11.14894177,12.71076646
AT3G18000,0,1.651590741,1.326597257,1.950968975,19.06305475,31.70155754,4.348772826,2.126340104,0.009091081,7.430826425,9.77900688,8.489592636,4.744767499,4.256694105,5.514821999,8.246686513,2.768772088,17.07016013,49.37235878,10.60111191,2.436117733,3.040297177,4.470984484,21.65252463,85.92128567,14.74872877,4.92088691,7.609755684,12.1517537,38.49471554,9.22513852,2.443905607,2.532983199,9.642284196,58.22460976,73.82756442
AT2G32260,12.69824924,14.75422567,13.04200603,12.18954091,10.68131954,11.70594158,5.466450969,13.90294085,13.14669321,11.64201344,19.06931101,17.92504009,17.26829514,11.47667374,12.69173695,13.81522213,33.86892031,15.41781859,13.59375064,9.997420361,11.29743254,13.51504897,17.25144951,18.79409188,10.35563489,12.33890954,10.85938812,12.84793955,16.61889665,15.33105491,11.91868307,11.55815453,10.79361952,14.77472899,13.80569987,10.71841131
AT4G15130,5.644709947,9.583452224,9.596220232,21.84375492,6.090515865,6.432412143,7.41701028,8.610589475,10.19581943,39.95897797,6.255966092,6.54738995,9.978740894,11.23726833,9.957052413,8.419192613,12.00730733,6.029088237,7.441739901,8.593825403,4.739535512,5.922339218,9.806563577,8.349288701,8.27821948,5.89370977,8.243836751,6.591074926,6.854051281,6.167836779,8.239140998,6.936612299,23.77673892,7.817372141,5.697587564,4.771565965
AT4G30440,30.33242551,68.43243161,90.39547281,61.1284616,51.81801178,37.32594216,57.99799119,5.908040537,32.58251924,61.39134698,32.60261204,39.74884083,26.02170465,44.67090187,39.42139356,58.57054049,17.24388611,15.48746099,81.96859641,23.76180518,134.0768953,105.6883522,37.49057728,76.00101393,14.40067612,54.052467,40.43904773,50.56144036,15.48592819,13.98770789,33.35917822,45.99888788,29.77740804,31.93721231,23.26560096,6.892014255
AT1G14520,1.95546669,16.91173326,5.688041863,7.561006639,11.12563122,51.94621219,12.69977135,31.26844594,20.64076523,5.652756359,2.327766957,3.389368062,14.56169894,6.460486699,8.323597524,3.269530645,9.469512851,1.589383488,2.726259264,4.226586671,11.17862136,15.63790837,1.921346237,1.588908904,1.51691913,0.003155023,4.828886264,2.104048471,0.289070549,0.608866103,3.984651085,5.318445457,7.828840603,1.570471219,0.0587917,0
AT2G19800,22.82053932,28.34887206,88.57166748,37.35042525,34.11026151,10.28375246,26.01537639,4.933683497,4.390690425,44.58585806,2.144879066,1.267479321,0.001960344,0.001838323,0.001454287,0.968190705,4.553777186,33.11726536,0.608402439,24.78188312,2.217520185,0.00125356,25.44078328,33.17283185,9.908466823,11.41434299,6.341540681,8.603238448,77.87696245,30.65282484,18.45830327,0.093653959,0.032269859,8.201466349,7.090430587,4.771565965
AT3G01640,8.226698713,10.89201849,8.780087362,18.21935501,7.601219498,7.407777455,7.235058234,10.71002073,9.912843022,32.58808447,6.681025628,6.436590595,5.57157888,10.06222154,8.73535123,10.16885311,10.06222154,7.98027906,8.277174542,6.649751553,9.305137747,9.405709184,8.030524127,12.49276764,8.710101988,8.408799455,9.087635479,10.5443092,7.237755299,7.737298292,7.624141829,6.939395445,20.80850148,8.913850804,13.35277519,8.432584314
AT4G26260,0.199230334,103.5564042,159.3381095,298.0955459,27.85196359,7.614253302,0.000275829,0.010862979,0.009091081,318.5654162,0.845133449,0.933721637,0.001960344,0.001838323,0.001454287,0.000318224,4.008729246,0.598974065,10.53129358,152.9052234,3.965516431,6.1170044,0.003170517,0.000180568,0.003057696,0.003155023,0.002076151,0.216063117,2.058405198,0.143379118,1.525248476,0.010004941,0.001984031,0.05986572,0.30891128,0.977780615
AT3G53520,17.03369674,10.3616775,10.71701413,9.875259634,12.27862637,12.60775787,13.36038252,7.799754565,9.684347521,7.61727087,14.26097848,13.38408474,8.943870369,9.978740894,9.780912178,10.3001708,11.44917864,14.37766726,14.94800557,12.32906109,11.29827996,12.80789223,9.27769098,11.44407738,16.73284384,14.07655728,9.784659183,11.13371744,13.80441924,14.2980473,11.18578548,12.18448931,7.230741841,12.67283603,25.3559473,15.09308642
AT3G62830,56.91125155,19.62554639,17.10705681,13.37531067,17.43018104,16.44700375,19.25337406,23.54302167,18.39596831,13.92407966,14.7454084,14.17905238,11.35091325,11.12563122,10.90878719,12.18448931,14.69562619,50.22275289,17.08452311,15.81060847,16.69752233,17.73934433,12.95840255,22.07603426,45.4972647,8.430633423,10.5575115,20.14340438,49.20209118,39.64316392,10.88459292,12.26472003,9.727930718,57.41052888,36.59070071,16.08410963
AT5G59290,33.57394042,11.81036041,15.50062221,22.88946261,22.49693669,39.74884083,16.34960275,4.558056975,4.031264328,20.25909723,103.5564042,93.54408303,11.98260518,14.84450082,16.94660742,23.9157246,15.15540815,30.98592639,307.4152067,20.82745505,22.54021545,21.07078047,7.799754565,15.91760183,22.25357932,6.844607869,17.44439616,32.1866354,58.22460976,35.30487923,20.38907369,11.30477033,6.66661409,39.46016302,44.10036284,13.75693677
AT1G31190,3.273609097,6.330252307,4.313965771,4.263150447,3.514773672,5.702348647,7.228623228,8.001050948,6.975917409,6.099686606,5.89456707,7.207579703,14.4775101,11.55146063,11.14093476,7.353430789,6.13358679,2.118818472,7.877857012,4.476767669,6.470318726,10.61269149,3.213510378,3.210393094,4.278591892,3.148494854,20.04876446,5.492155298,2.247346853,2.409562569,13.15571345,17.09666236,19.37478102,2.489375461,2.409562569,4.026724626
AT2G22240,2.51902983,5.649254722,3.229512213,8.028574976,48.05127209,55.47473646,13.55452802,138.4691725,122.4118041,15.2036081,25.31370418,20.11744122,5.898897675,5.499547823,5.223284644,7.403353314,5.991816006,3.448113365,38.67490371,43.87834992,5.993257183,10.16326964,5.885397425,4.687320634,4.502040384,3.004704115,5.426531467,6.11668717,1.943126935,3.285501518,4.107241727,37.16993431,19.87368436,3.765948016,3.156234014,3.768798343
AT4G39800,23.19791304,19.56125615,8.332303663,7.165835175,27.55038588,46.17610728,120.1602374,22.81182499,17.6505632,7.440243807,16.34960275,13.1460633,56.16683688,66.80486096,47.53176483,28.097749,36.82308658,10.54873067,131.0384368,32.28998506,38.01636461,114.0138097,0.003170517,2.490259636,5.482007515,2.030678215,32.87785475,9.845354744,12.12874532,13.93066538,24.54419193,154.6881933,82.12674876,5.259482469,22.54491631,31.93024255
AT1G65960,11.57439177,15.53012974,21.69626251,16.99025416,48.12633948,46.07188786,0.000275829,0.010862979,0.009091081,8.431090732,203.7594708,168.5360185,76.88583015,76.27932597,103.242609,170.2261058,27.44887341,51.94621219,109.6251843,49.16853368,19.48925534,22.08412277,22.64692996,21.65950996,2.991397095,14.56522358,75.28947746,106.1034197,35.30487923,41.52702829,61.77547974,35.77589161,19.93748133,12.50016099,5.009944989,0.542755523
AT5G17330,94.40320147,3.213510378,0.000281434,0.930749356,3.268572935,4.308811719,2.887866738,0.010862979,0.009091081,0.021850915,4.292525528,3.693713435,2.19125802,0.001838323,0.001454287,0.586995006,6.846059708,109.381801,4.145255068,1.081996492,6.087103677,0.699952852,67.99110331,56.87744143,80.3215328,44.62607097,3.200409822,31.93721231,136.4496112,95.37569479,1.802716096,0.972542293,0.045511529,133.8934305,100.238945,18.19921142
AT3G25530,20.06569637,8.226698713,8.848069418,8.190175632,26.20047941,39.04779153,28.03552191,0.010862979,1.785705868,5.037889906,22.85605129,22.632512,45.68272814,30.14205092,34.11742295,28.56500161,11.90843628,28.42590257,38.22891893,17.65243105,14.12159685,22.02158555,12.79995886,15.45771577,15.90575878,20.90771306,39.18448541,29.89488897,22.39468988,26.32771987,34.61996141,26.95834956,28.36989604,16.7337203,24.59607895,21.9840213
AT3G22370,17.95673482,62.95567916,30.36175135,20.38706787,4.279882866,2.53643687,5.828066564,2.653386063,5.255811329,5.667994826,4.045363283,4.317327531,16.65841136,19.40944178,11.78287406,5.986736329,56.87744143,8.595086337,11.84810066,15.0959732,20.92607373,35.88228219,138.4691725,14.47415912,37.97456487,47.29084138,11.65194477,4.924874475,15.7019455,9.369157961,5.451497514,9.468794338,53.08446659,38.68999832,15.0571221,10.15450652
AT1G80460,25.79248201,10.14677334,6.669812496,10.34804188,7.355484078,10.69397539,12.63580225,3.521195175,3.267676518,24.35770306,6.867902,7.103819697,10.55134254,19.74749302,18.93309881,12.67283603,9.319537393,27.53243504,9.147229297,8.522469934,8.930863024,9.59799462,43.00383719,15.16414932,23.51190301,26.68147794,12.37507319,9.658236174,31.24560403,25.54938849,13.1441239,12.45562813,10.16109451,34.91272026,16.29814153,14.56297882
AT3G11480,0,89.89574719,6.127638051,13.52184748,17.76342277,0.349367243,0.000275829,0.010862979,0.009091081,0.021850915,0.00035847,0.949965816,0.001960344,0.001838323,0.001454287,0.000318224,11.4993687,0,0.00027548,40.20144394,4.544459649,4.752463824,0.003170517,0.000180568,0.003057696,0.003155023,0.002076151,0,0,0,0.000403471,0.014949117,2.889238212,0.020262441,0,0
AT5G51970,11.91914055,9.470278427,7.5436477,13.80696015,7.798104674,13.16430225,21.55086373,90.66449458,76.27932597,29.07694625,28.53757465,32.38203626,63.2534022,30.66045769,36.05425936,37.65827282,13.36464197,23.51619724,16.64619068,12.01170249,13.51887687,19.76246968,11.23991137,17.82529457,1.885644975,21.76583334,50.84384813,30.615473,24.48430461,17.44634507,49.27019548,44.80933822,37.06594763,16.95134705,10.98176075,11.1198301
AT2G30860,139.2733878,49.16853368,38.20039456,20.11744122,62.628261,24.40229728,13.14783191,26.82383611,21.89488164,5.869944632,460.1071229,397.5847241,321.0896106,145.8792857,208.0425814,402.3599013,54.052467,434.6284005,23.26355045,82.57110347,430.0693492,203.7594708,81.8829004,181.7224326,9.09137394,34.09981921,135.7137209,1233.855806,280.9036393,460.1071229,64.94916867,63.67338569,12.26375342,196.6178047,23.55134534,68.34099179
AT3G54660,11.53697463,12.97462229,9.794736882,9.677040421,9.996268016,12.28061525,11.06360393,17.63251746,17.78002226,7.501005646,17.26723481,16.87112187,19.79728362,20.35212842,20.75837704,16.99608315,18.34564215,10.86780402,12.98635942,12.51256228,12.61423274,12.95586091,9.835740886,11.24767433,15.41563901,13.18704244,36.53219558,17.30002495,10.50981987,10.86510664,31.5790795,62.17557652,52.40164618,10.54928345,9.653384821,13.75693677
AT4G11600,114.5050528,177.7590703,73.72044746,48.00335611,31.99076358,30.94234397,72.01946396,174.4406986,176.9293505,10.65027489,44.36284633,43.948884,77.87696245,46.50061954,53.22191245,30.32526328,203.7594708,55.93779579,23.6059428,56.87744143,86.92924363,82.30950222,43.948884,33.89273398,31.07606363,49.48919246,19.65083972,30.42114294,156.1789213,65.5407714,17.19986376,15.5363187,87.84145206,191.6687621,69.74163448,33.53757344
AT2G11810,0.078447039,10.69782452,8.850371748,4.269540233,0.05126742,3.257220363,0.565409649,0.010862979,2.350657298,5.027353589,1.207120597,1.435751565,6.260607865,0.001838323,0.001454287,0.403762973,56.82976779,0,1.122845841,0.572987348,3.748209471,5.706264798,19.24188405,10.18350901,0.003057696,0.003155023,0.919290753,0,1.341123648,0,0.000403471,0.699952852,0.001708346,0.05986572,0.541482878,0.067830869
AT3G06510,6.110184153,14.57047205,11.45112195,8.18059314,10.15912056,13.34568164,16.63112293,10.79646214,8.327848697,8.479526524,18.13946824,20.91460008,23.26765148,12.79886925,15.31133354,10.50172123,11.70594158,6.479675559,20.11744122,13.75835623,14.87859414,38.91402612,5.500252249,4.697033149,4.493509863,4.33787387,15.27770104,7.691268116,6.706227357,7.116192453,12.32265288,25.7571937,20.00897074,5.036185249,5.697587564,7.121063702
AT3G11670,3.648144349,7.696388707,7.244850428,8.345051342,6.042339397,8.223211792,2.736275605,7.649928464,7.127639979,12.99994535,4.583769458,5.433840566,17.06387909,8.624391768,9.637828445,5.720207418,21.12942965,2.77411559,11.29827996,7.102494034,9.275871624,10.72206121,7.852572025,3.976816373,5.938343966,5.927385939,9.234829068,3.186973233,3.393378767,2.796090381,8.046614938,19.75858287,16.62736315,3.765948016,3.473608259,4.277215559
AT4G00550,4.562452504,9.599976353,7.592212043,10.28254975,3.557700479,3.542915695,3.761898256,7.598425738,6.916460964,20.60723559,4.912389943,4.354770955,5.823442676,6.234431564,5.913341302,4.523366844,15.47653759,5.678520678,4.695975602,5.211019565,6.716428903,7.08965015,5.321574551,6.710091166,3.261863743,4.002324637,4.546719526,4.290759193,7.236963568,5.25498622,4.255064511,5.19352188,8.858341119,6.474961835,4.543930876,4.531038486
AT4G31780,4.800003737,36.95201549,21.55086373,27.60012132,14.4775101,8.667812469,5.878251705,6.873068307,5.830535656,12.71206389,8.143721696,10.95596792,11.45112195,24.55681918,18.98534685,19.75543926,20.31600168,4.513229171,10.23791125,19.44896093,18.18918686,15.37399391,7.753873568,10.9554468,7.293197801,5.296004896,19.47522503,8.280830296,3.448113365,4.266449197,19.57505161,22.2338865,62.17557652,4.554812808,5.009944989,8.032105654
AT5G20410,1.40358447,28.88545395,41.19579583,131.0384368,8.935448519,5.826476078,3.432297534,3.698471973,3.426087498,121.7035481,2.625090241,2.647476404,7.794741542,2.599928901,2.843283193,1.593500693,18.35532723,0.407086609,8.574593655,32.92918757,5.430167149,6.693067792,13.71441233,8.287795292,3.683776192,3.131169778,3.389660612,0.813182081,1.790065662,0.258183072,1.886467926,5.224846395,5.951359798,1.570471219,3.156234014,1.734109799
AT3G10700,4.02731267,2.108121512,2.927412231,3.486026434,4.734240975,4.582566626,4.04942516,2.926525173,2.193248536,8.920400659,6.332280335,6.276983048,3.504998894,4.079584731,3.757252625,4.9895332,2.084711953,4.494541934,9.042528851,3.099674275,3.572689793,3.964498666,5.65320678,5.50212707,6.328978965,4.147080413,6.161999748,5.289290789,4.138060641,4.775059922,6.545415018,5.922783719,7.286849204,4.038477681,6.684275604,6.433358457
AT3G17810,50.47366026,108.3282392,70.38460453,31.36800567,7.87197401,8.801905317,28.63579478,60.00018461,46.48786615,5.060258351,9.836257096,9.370789508,19.61687879,22.82053932,22.20688312,16.40025066,148.2964163,28.95080905,8.764852792,43.27386904,28.03552191,81.74660447,6.239294141,16.48026247,25.89061189,86.92924363,10.0028758,9.786222376,68.25097963,33.06546128,12.79463616,13.16430225,13.20462308,64.47216578,65.98686489,11.95903184
AT5G12200,13.99518585,13.20183818,14.2243338,9.137603323,4.981276115,5.438356622,5.469784547,4.070756323,3.833301979,0.021850915,16.47827196,13.69576009,18.18918686,12.31264647,15.27675923,14.59102203,16.28072408,16.70850152,7.116192453,9.602673634,11.65729484,13.56084808,18.33253516,13.71241082,10.4201088,23.28110242,9.477982638,12.19736897,23.13781778,16.18442538,10.1064438,12.17914093,7.016300537,21.59406939,17.25144951,9.939917499
AT5G64370,22.62173989,26.33652971,36.2537579,19.23129132,8.00135643,9.975733338,23.51619724,15.74191063,13.05954736,5.010556781,14.39859311,13.19018215,20.41950725,13.34428913,15.7995715,14.29386561,41.80791304,22.23798067,11.18480826,19.6454108,15.10376363,19.64410588,16.10306061,13.36727509,7.608237854,12.60775787,7.853218187,11.81359481,37.65827282,22.53617058,9.97640416,9.087635479,4.264864438,40.43904773,22.23798067,11.1198301
AT1G60440,5.523909497,10.61182951,9.862262721,9.411358482,6.671578744,6.65541526,2.85594088,3.156454523,2.694199088,10.20212177,5.4288924,5.19744469,7.292186589,7.499712183,8.225289523,6.313837111,11.37247599,6.482666858,5.56868085,8.198782663,8.323044063,8.988257669,6.165640691,6.2756389,6.238435566,5.251236611,5.691908745,6.498857824,6.933402405,5.825190807,6.667713415,6.832008625,8.23626572,8.913850804,8.783914061,5.478337223
AT4G32180,11.55021312,8.138520648,8.01954602,10.76984567,6.650949636,5.439281752,6.134143823,7.428290254,6.038440323,4.252382958,10.70405989,10.59997766,10.2976228,7.994898656,10.27715225,9.775077711,8.21506802,8.943870369,7.052258744,9.102685096,7.85767151,8.624391768,5.657809725,9.293014809,7.48281911,12.54034993,7.696388707,8.480931497,12.26103698,9.187153606,8.520640041,8.520640041,7.107275098,13.18632578,8.94435241,6.15400516
AT3G59970,81.96859641,10.16109451,9.509031438,10.96175554,39.79397449,56.2766722,16.89708591,6.897769111,6.721421252,15.47134993,74.61668182,74.45693588,28.27610074,33.72923187,41.9025308,70.93344896,8.983979051,44.58585806,70.65699843,29.78706969,38.14021211,30.37276241,12.97587555,19.82459353,35.194936,26.59299864,44.80933822,49.10334278,53.2942653,56.8079064,45.71264432,28.40967233,18.773184,30.13346372,48.89370143,38.93689166
AT4G37930,11.58412831,77.65755,24.68939628,28.40967233,38.46452414,99.3929329,25.79571174,4.079103485,3.25803823,33.1646052,177.7590703,248.4032816,248.4032816,251.2913365,244.9224792,171.2905569,30.08821545,10.52599331,349.2929668,46.85214311,45.99888788,190.4926943,3.689923614,3.388315873,6.108518222,5.999953566,324.957834,94.21639187,11.47201126,8.571145001,318.5654162,218.0109533,263.1492989,13.03460223,4.035496433,5.247177628
AT5G13050,6.487943769,6.467279682,7.55249347,5.276226941,5.485264418,6.235005778,6.114822796,4.10608716,3.641685269,6.343665121,6.467755022,6.472460198,8.835613974,5.826147457,5.942146806,5.674072995,7.732973781,7.120123494,5.936780248,5.933141508,6.723874995,6.499918021,6.474546892,6.655823162,7.405893828,8.34805922,7.483837305,7.055916944,5.88036713,6.863751459,7.159074086,8.670027484,6.442547309,6.474961835,8.94435241,7.814198548
AT2G07727,0.009361961,1.12017818,0.549309764,3.792738177,0,0.24654907,10.16396989,6.729021327,14.77165924,0.021850915,0.759896419,0.001045535,0.842399497,0.001838323,0.001454287,0.000318224,0.738042534,0,0.00027548,0.028577696,37.21557922,5.493176321,1.155423133,1.860522941,4.293343532,2.205657365,0.002076151,0.953974178,0,0,0.000403471,0.463410405,1.151517922,0,0,0.067830869
ATMG01360,0.48211223,2.975286246,1.388224216,4.593900757,0.064246029,0.867472753,19.06305475,9.857747893,27.49988353,0.021850915,1.288455036,0.457030495,1.559575147,0.001838323,0.001454287,0.407744608,2.551977275,0.079485019,0.366913109,0.065834013,22.97773619,4.517871757,2.029941049,1.984127793,2.536115657,1.610812225,0.002076151,1.254687734,0,0,0.000403471,2.074079865,2.419478354,2.063431517,3.473608259,1.734109799
AT1G50480,17.64412608,14.60116441,19.23514604,12.63188054,12.71671225,15.74406909,9.790706212,9.667060829,11.38217551,7.22955449,41.98017711,42.4952901,50.77358736,23.73238037,30.98592639,64.0815076,23.61355073,33.81892828,16.72042088,19.68679939,20.80658612,26.30263405,13.09621652,40.99651388,10.77981032,23.5952025,26.51823978,45.17125977,31.35876162,23.03454017,33.53757344,35.69889062,25.71992659,15.47808344,12.33040921,11.72781494
AT3G10160,5.936038819,4.598222437,6.327167906,4.038013923,7.425624178,8.225289523,2.249846977,5.03627432,4.014157958,0.021850915,6.334000056,7.539542149,7.081390383,6.335500675,7.2440948,7.479586303,4.999315848,4.829717993,10.96280317,5.923907362,5.31526879,5.667994826,8.442084572,4.250170006,8.043936987,6.233410955,9.866395712,6.333261044,4.038013923,5.032918422,9.309089135,8.198195356,6.86483275,3.765948016,5.697587564,8.866374071
AT3G55630,0.131615229,2.849203142,3.964910437,10.77909037,6.887405908,15.63283731,0.000275829,5.248213398,4.215361124,15.20564722,10.72672908,16.18339973,14.09910594,9.73718863,15.27260273,12.80953715,2.016244643,0.088707676,42.08183003,6.886778214,1.391818366,2.249440952,0.003170517,0.000180568,1.798177322,1.581967887,12.79600883,5.475450526,0,0,8.049833229,11.35880386,8.013323251,0.437070928,0.176398388,0.542755523
AT5G05980,11.73359018,5.641646317,4.768420202,3.76074637,5.991816006,6.451136443,5.673343697,13.91933045,11.53883721,4.017661771,19.14431781,19.14431781,9.915920087,5.260828595,6.035094977,8.347547287,8.294090331,10.90696607,16.0573222,4.783878946,11.96040062,12.86817396,18.51517636,10.78060503,9.303309176,11.73688301,7.068114759,9.306758071,10.26945755,12.27161159,7.742621843,8.597026821,7.409337026,11.74814539,12.5022389,15.64807476
AT1G08250,4.071762883,4.312107045,1.856808557,0.695932674,0.847119586,2.539427262,5.86658779,4.250913108,3.540695888,0.021850915,5.524840718,6.547837314,4.313965771,3.403387902,3.177910367,2.84715508,5.652326798,3.470941101,4.551938177,0.899945068,6.038440323,6.838882847,2.221013088,1.368301347,1.095333353,1.484205527,3.394280626,2.977160652,3.789252702,3.133100744,2.278544408,14.13348113,9.275871624,0,0,0
AT1G11790,8.707426055,2.021750843,0.951252765,1.534213197,6.328217662,8.537304668,12.33513383,3.957986212,3.150142167,5.512311284,3.199924238,3.572041875,3.102004076,7.980951262,7.914325086,3.820018885,1.207120597,3.835239648,5.735594554,3.477102363,2.704558465,3.985214129,3.042065595,3.053504171,5.420743501,4.094171738,4.780082185,3.546370249,4.39421236,4.280980837,4.787944383,4.303962077,9.192490495,8.913850804,8.94435241,7.121063702
AT2G27820,9.873941825,2.43493933,2.251297976,3.81795533,4.826867612,9.322060082,11.48412861,4.500026057,4.286546709,0.021850915,6.440580861,6.401400034,5.641646317,7.404134928,7.992148434,8.910196616,4.04942516,5.72919368,6.632550345,5.200703288,3.130121331,5.72750174,3.698471973,3.519092682,3.428914492,2.14677527,9.656676894,4.976682962,9.272130334,6.705132138,7.174798368,10.71798391,7.283097253,23.76650564,10.86812728,6.15400516
AT3G07630,8.714284478,6.482268204,6.471392528,4.431181655,6.693713506,6.677712205,6.157933019,13.94656822,11.29119493,0.021850915,5.570684629,6.104842703,8.983329873,5.424114463,6.133326389,5.661815162,8.337563876,7.820227845,6.250611979,5.949373733,6.452785074,6.881914638,15.91760183,8.004341466,13.46408197,8.574593655,8.19593235,6.319199765,6.0539286,8.389805897,8.189835779,5.665585022,5.451497514,6.278369671,9.653384821,17.61895357
AT3G44720,8.995335771,11.07086655,2.603874569,1.325431584,13.1951147,8.21253545,39.25055803,0.010862979,0.009091081,0.021850915,18.12248919,20.43223628,7.618789088,12.67213557,9.95530594,10.70605579,18.80816559,10.78653861,11.29743254,4.072563986,34.80273832,18.81396468,17.41781683,33.73894346,0.003057696,7.304280886,9.500462029,9.913202726,5.249468577,7.119294348,5.451787103,11.80300925,28.08385098,14.77472899,5.908040537,3.490697209
AT5G22630,24.36670683,8.949538922,8.241807854,7.6417601,12.43838921,7.100594418,14.87859414,2.601430573,2.841402749,0.021850915,22.54021545,27.35094689,3.70820715,6.251774152,4.584726361,14.09676871,9.738088171,14.06413244,13.6108093,7.284601393,51.12025454,23.6059428,5.209639985,63.00097727,0.003057696,18.04535876,7.436501866,7.071397788,15.20112843,13.59851114,3.147441537,6.168199081,9.138567658,41.34173186,11.49550666,5.011925065
AT1G15710,4.527116161,2.927781473,2.617537986,3.185301397,2.974330397,4.577636253,7.122953414,5.73521132,5.496262365,7.740601858,3.202974646,3.251927909,2.704558465,4.092409665,3.78845011,3.054017156,2.974852178,3.575194787,2.716963805,2.056682071,2.91191881,4.240673477,4.334387799,3.6927255,3.167401241,1.617934067,6.716428903,3.700506358,4.562055623,4.513607005,5.460015361,6.392958636,7.85412598,4.554812808,5.009944989,5.011925065
AT5G34930,4.975667319,6.633439549,6.651288745,5.91629601,2.347344058,3.430255896,4.275826519,4.966112811,6.143250036,7.118188215,3.216850043,2.85821151,3.263258086,3.137892033,3.696374274,3.202509968,9.31887489,2.365010714,2.9711369,4.092409665,5.231717057,7.424960774,1.574917774,3.40018243,2.214201309,2.253204724,2.435463837,1.881820576,3.977588217,3.144823952,2.270731047,4.023574714,5.309016433,6.104842703,5.908040537,4.277215559
AT5G14800,30.32526328,9.278202458,9.103659799,10.8623188,28.41850851,21.12374722,8.749877927,16.69183917,13.38408474,11.46835901,12.19523655,12.53542748,9.446713857,10.42195906,11.95202164,14.55338086,7.553410505,28.53757465,7.224686188,17.65905163,16.52974006,11.25232884,5.653566199,45.87930911,12.61010281,6.230820245,17.82529457,25.2144126,13.71534704,30.92752334,27.53243504,20.55816873,16.52974006,14.59605476,50.8939816,107.140551
AT2G22990,2.329405613,8.219917992,12.51460417,19.57922957,36.38435275,51.67292916,0.894830002,7.499141615,6.27887147,4.081115077,33.86892031,49.16853368,54.96832345,48.80642781,43.23349,42.65803505,5.232049155,0.29139256,32.19109195,23.26765148,46.50061954,35.36048915,0.003170517,0.51918431,0.003057696,0.003155023,39.56189851,11.74471795,0.297681507,0,42.54859365,60.05582165,35.77589161,0.437070928,0.0587917,0
AT3G21560,9.978740894,11.19963974,2.470587589,1.109212478,7.981649795,6.499918021,30.52694334,14.66298036,26.50145396,0.021850915,0.48461798,0.001045535,2.512904164,3.229731784,3.051127578,1.781837133,37.25356469,1.86101162,1.947800017,4.568093192,3.09056453,1.978989831,4.352222563,6.480031868,5.004386534,1.588908904,9.414096778,4.97701092,9.371817382,9.319537393,7.064371554,8.805865506,22.6492442,13.18632578,8.94435241,2.884082229
AT5G09640,0.005544017,1.934519115,0.535417469,0,0,0,67.05922577,10.37145158,9.039551623,0.021850915,0.00035847,0.001045535,0.001960344,0.001838323,0.001454287,0.000318224,0.001632319,0,0.00027548,0,0.348486902,1.114012477,0.003170517,0.000180568,0.003057696,0.003155023,0.002076151,0,0,0,0.000403471,0,0.014674442,0,0,0
AT1G53500,14.87566887,12.37507319,12.27728458,25.57062511,15.20747373,17.33257287,12.52218807,4.30778375,4.606560263,41.87053885,12.71117716,13.5486011,11.05890788,10.35961018,12.66668018,15.74191063,8.539429062,12.17823786,21.07190986,17.17691356,10.00037863,9.588747188,5.461654267,9.499270947,6.08738099,4.315769659,10.27189272,16.99608315,11.47015196,14.84971229,12.95732005,12.62523156,8.89614571,6.104842703,10.98176075,4.026724626
AT1G63000,82.12674876,10.28254975,11.36728802,27.55038588,13.42428756,21.47181131,10.94640977,15.60521126,12.80669731,48.53136929,21.3595255,19.44543215,13.76922751,12.35962221,14.66049558,21.80135625,9.275871624,52.12067528,21.78894718,15.01849663,8.917549383,16.14967645,8.847365804,23.3316071,24.68603849,15.22385327,14.22635599,25.15849096,61.39134698,64.47216578,13.75395555,13.38491482,8.145002804,55.5639632,102.1310919,40.18663778
AT1G78570,83.26119266,11.65516672,8.571145001,10.78894825,29.79948469,28.93790912,16.52510979,10.60430882,11.99716537,13.52347179,18.66118358,20.00897074,9.994721763,14.60708238,14.69221479,15.49072525,23.16367457,24.16247957,21.78333668,24.10957187,10.9554468,15.93354674,8.805865506,18.70251365,12.17481725,6.491299821,20.49362661,24.36969678,31.3531541,34.78182912,16.83360807,12.97930173,18.03654486,45.27658199,107.2201387,15.09308642
AT3G14790,10.97153335,6.232859123,5.428140922,11.06360393,6.936612299,8.391625068,6.235800622,3.918654438,3.95662453,20.43223628,4.303390402,4.832446279,4.071117777,5.427258187,5.605675958,5.233236815,4.339246495,8.348663042,9.446713857,6.730644348,3.152993753,4.358742968,5.433840566,4.142689417,12.18540451,5.868517557,6.35934102,6.69218123,7.796303364,8.787293037,7.613719884,5.019200351,4.277421097,3.481317433,12.33040921,7.814198548
AT1G72970,3.518784588,0.765954171,0.000281434,1.239001057,104.5312577,65.06458564,4.146779227,7.392952921,4.921173258,0.021850915,0.753437721,0.906793201,1.643753083,5.444810892,4.577636253,3.795733352,1.409976368,5.488143609,4.692045082,48.05127209,1.204712976,1.776652799,3.104400023,8.479526524,5.652326798,2.05413632,6.702670925,4.281965157,1.331627868,7.49293051,11.20241222,5.034349653,4.497513749,0.205925868,2.799213659,5.708952612
AT3G10570,0.002945118,0,3.094312503,2.719667624,3.002831412,11.90141681,1.411078697,3.691776936,3.266094941,3.77135976,0.00035847,0.001045535,0.001960344,0.001838323,0.001454287,0.000318224,0.001632319,0,6.908115384,4.96491033,0.00016449,0.00125356,0.003170517,0.000180568,0.003057696,0.003155023,0.824134417,0,0,0,2.271284428,0.682680612,0.005510291,0,0.023088718,0.542755523
AT5G20960,18.77620352,1.208324308,0.000281434,0,0,0,1.234180498,97.60646501,93.54408303,0.021850915,3.393378767,1.535926779,1.244491512,1.796599885,2.567798183,3.051574278,7.913081324,17.02428223,0.00027548,0,3.828138119,2.13834249,9.912843022,23.81995301,14.98766494,27.14721061,2.768772088,12.51778001,20.41101307,18.9914895,2.0389339,0.954526127,0.124995643,19.06042749,15.47731886,14.56297882
AT1G22400,4.095660034,69.90603273,46.48786615,4.829426806,0,0,0.000275829,13.66062601,12.00251062,2.79345942,0.00035847,0.001045535,4.070756323,9.281822779,10.34304434,3.455078359,177.7590703,3.801527705,0.00027548,14.7454084,4.036711263,17.01893086,0.003170517,8.010608682,0.003057696,0.003155023,9.118266512,0.427923423,2.253204724,5.564898508,10.00883572,3.441961077,89.0481681,1.570471219,6.314333011,9.492176958
AT5G05870,2.631325645,0,2.533765387,1.144718535,0,0.08538882,6.848303481,8.327286669,6.323477127,0.021850915,4.235453669,4.312536076,5.228670111,6.13358679,5.439281752,4.681704162,3.397540841,2.215283753,2.375793409,0.080744092,0.511030391,1.008470758,2.266596086,3.705253232,2.786387502,3.986351351,4.970657277,5.034999923,2.35332383,1.638189722,4.994594637,7.437427306,5.444108982,5.682433448,3.758993136,2.884082229
AT5G05860,6.445811799,0.400091223,0.000281434,0,0,0,3.846535591,4.213778384,3.998359133,0.021850915,1.255740286,1.096266148,1.182002161,9.729689428,8.003372303,3.152080526,2.442463036,7.098630022,0.00027548,0.05225092,0.00016449,0.00125356,12.87030512,10.8754056,16.47827196,17.76342277,7.817372141,2.320971743,7.418771923,7.306280324,8.734151635,5.041153198,6.846059708,9.285103885,1.377352849,6.15400516
AT2G41510,0.053078795,0,0.000281434,0,0,0,0.000275829,0.010862979,0.009091081,0.021850915,0.576551763,0.001045535,2.04169597,1.285427122,0.952358241,2.844165127,0.001632319,1.961363403,0.00027548,0,0.00016449,0.00125356,0.003170517,0.000180568,0.003057696,0.003155023,0.002076151,6.444067924,0.79803116,2.309259595,0.000403471,1.504698641,0.000227164,0.020262441,0.023088718,0.411512861
AT4G30530,43.48005518,254.6078081,86.74043073,43.48005518,40.76316587,27.35597509,16.14967645,7.283988791,7.793474446,5.081172197,121.7035481,97.60646501,145.3217816,85.58337133,71.11446672,167.0506691,222.8701127,51.28157061,20.50648921,85.3930303,235.7730551,208.0425814,26.95834956,85.92128567,17.47497933,30.55157836,47.07778944,77.35660317,37.51950436,46.96382153,18.88603644,47.71494973,270.0698689,68.25097963,19.06931101,18.80716919
AT1G02205,2.224564147,14.86981505,114.0138097,35.04664684,49.64090956,64.26650531,0.000275829,0.010862979,0.009091081,6.479675559,9.844792919,13.36562828,3.738681883,15.27348756,12.96310177,0.000318224,0.001632319,0.536797291,237.7256185,96.16453197,12.61843287,9.147229297,0.003170517,0.000180568,0.003057696,0.003155023,0.002076151,0.482953587,1.796423262,0.228911828,4.052696953,9.314680259,2.251856828,0.127306443,3.156234014,0.067830869
AT1G57750,0.00323569,0,0.000281434,0,36.2537579,85.81310918,0.000275829,0.010862979,0.009091081,4.290465157,2.49203232,4.741210857,0.001960344,0.001838323,0.001454287,0.000318224,0.001632319,0,133.2388521,42.54859365,0.280803077,0.00125356,0.003170517,0.000180568,0.003057696,0.003155023,0.002076151,0,0,0,0.000403471,0,0,0,0,0
AT4G33790,9.513675943,3.488300891,2.518073598,5.822416778,17.09325334,29.90092196,0.000275829,0.010862979,0.009091081,0.021850915,1.331627868,1.085099954,1.765107897,3.426087498,3.546005122,0.000318224,0.001632319,1.355901655,84.73197036,19.57505161,7.745458306,4.30987363,0.003170517,0.000180568,0.003057696,0.003155023,0.002076151,0,16.07647951,2.42245687,0.000403471,2.99797835,0,20.75613816,2.799213659,0.411512861
AT5G37300,0,0,0.82979779,4.00255101,24.66104041,32.48351904,0.000275829,0.010862979,0.009091081,4.222863386,0.00035847,0.001045535,0.001960344,3.418436164,3.269086293,0.000318224,0.001632319,0,22.0917517,27.04140274,4.257459495,4.775059922,0.003170517,0.000180568,0.003057696,0.003155023,0.002076151,0,0,0,0.000403471,1.383435219,0,0,0,0
AT2G27760,3.649416643,2.375793409,2.321827638,2.840915857,3.232633583,3.407673194,1.622289831,6.909687405,5.832957412,8.289415736,3.31528501,2.868318687,2.626518328,2.521224662,3.131575862,2.766055423,2.632576569,2.723621357,2.906553718,1.851619282,2.452146149,2.693829295,6.149050076,5.196258563,5.700101865,3.805286696,3.713901735,3.399794735,3.246367202,3.49344629,3.696728908,3.046752078,3.813332775,3.481317433,4.035496433,5.929306091
AT1G44170,36.47025391,13.03899435,22.6939673,17.69733839,12.62721366,15.92464706,11.14647129,8.028574976,6.318410077,5.930681351,9.680650828,8.924862663,12.77644981,8.413163437,9.487060555,9.268820687,12.33136921,18.3342447,11.71894567,21.78894718,7.844350057,11.47015196,1.387152106,10.16109451,6.592106668,17.96626162,5.692502597,12.62105398,32.12624093,19.63065531,5.74566264,7.648488601,7.34256426,39.00598662,11.98666524,8.432584314
AT1G67110,2.854058716,0,0.000281434,0,0,0,0.000275829,0.010862979,0.009091081,0.021850915,2.349657486,3.241966249,0.001960344,0.001838323,0.001454287,0.562182565,0.001632319,5.876202712,0.00027548,0,0.00016449,0.00125356,1.142719866,0.837762886,0.003057696,0.003155023,0.002076151,1.261545965,4.736718934,10.45888923,0.000403471,0.021299661,0,2.063431517,0.114678863,0.067830869
AT1G68460,0.021868732,0,0.000281434,0,0,0,0.797168206,0.010862979,0.009091081,0.021850915,0.00035847,0.001045535,0.001960344,0.001838323,0.001454287,0.000318224,0.001632319,0,0.00027548,0,0.00016449,0.00125356,0.003170517,0.000180568,0.003057696,0.003155023,0.002076151,0,0,0,0.000403471,0.009181813,0.003686999,0.05986572,0.30891128,1.238782626
AT3G19160,0,0,0.000281434,0,0,0,0.000275829,0.010862979,0.009091081,0.021850915,0.00035847,0.001045535,0.001960344,0.001838323,0.001454287,0.000318224,0.001632319,0,0.00027548,0,0.00016449,0.00125356,0.003170517,0.000180568,0.003057696,0.003155023,0.002076151,0,0,0,0.000403471,0,0.0227398,0,0,0
AT3G23630,0.871690615,0,0.000281434,0,0,0,0.000275829,0.010862979,0.009091081,3.248768383,0.693093659,1.184542691,0.001960344,0.001838323,0.001454287,0.000318224,2.425809363,0.25633903,0.516055086,0,0.624826039,0.00125356,2.459281894,0.000180568,0.003057696,0.003155023,0.002076151,0,3.461856423,0.430292053,0.000403471,2.047382057,0,2.850950429,0.244343659,0
AT3G63110,1.086605747,2.91098244,0.720958784,0,0,0,0.000275829,0.010862979,0.009091081,0.021850915,7.876847674,7.161106376,4.223827184,6.10040197,6.33363055,5.990695514,1.52754808,5.636015956,0.00027548,0,0.591269521,0.00125356,0.003170517,0.000180568,0.003057696,0.003155023,7.241378385,8.414689672,3.532272886,4.798262086,4.553011174,14.10842611,0.531439153,0.952874437,0.0587917,0
AT4G24650,0,0,0,0,0,0,0,0,0,0,0,0,0,0,0,0,0,0,0,0,0,0,0,0,0,0,0,0,0,0,0,0,0,0,0,0
AT5G19040,2.914747401,0,2.416930227,1.871807538,0,0,0.000275829,0.010862979,0.009091081,0.021850915,2.46283398,1.758294436,0.001960344,0.001838323,0.001454287,0.000318224,0.001632319,2.354307899,2.69976804,0,3.099205527,0.00125356,0.003170517,0.000180568,0.003057696,0.003155023,0.002076151,1.384854122,4.813803652,2.911535235,0.000403471,0.151940433,1.88698806,8.581763373,2.409562569,0.279282946
AT5G38450,1.26803075,0,0.000281434,2.367393204,0,0,0.316929933,0.010862979,0.009091081,6.838216653,0.00035847,0.001045535,0.001960344,0.001838323,0.001454287,0.000318224,0.001632319,0.591269521,0.00027548,0,0.00016449,0.00125356,0.003170517,0.7954094,0.003057696,0.003155023,0.002076151,0,1.971176224,0.465973205,0.000403471,0,0.296607885,2.489375461,0.30891128,0
AT1G07420,11.35880386,7.081914252,7.22339937,8.747678976,8.341452406,11.23726833,11.37565687,9.148356458,8.02263837,11.44555225,9.507681284,9.851318536,8.394772164,8.029706656,10.36287969,9.148356458,6.669812496,8.186886113,8.326101937,6.903406396,6.918109974,7.815700823,4.289179076,7.085847776,5.993257183,7.609755684,3.162103314,7.548772531,9.502518562,7.736592245,5.474892949,3.562796504,2.519263337,11.96166239,19.87028103,12.53247446
AT1G11680,29.57467943,7.075016849,7.878759359,6.930564801,13.86987763,16.47827196,28.68579616,6.340805423,7.209558931,5.994123522,14.37766726,13.56198922,12.26375342,10.16628587,10.36123822,13.55612633,9.301218123,24.40229728,11.94867092,11.99427306,10.49874424,12.51171147,16.52778715,27.23533271,18.70024827,16.70850152,12.00462442,16.054462,16.11342272,21.23808271,15.22566553,16.14967645,11.28720877,15.63550157,36.59070071,44.31928127
AT1G20050,27.01723826,7.236963568,7.01811246,6.327723042,19.18771095,22.81182499,23.1548411,5.21824752,4.349285777,0.021850915,13.76922751,12.99762176,13.10143701,15.42213128,15.32875174,14.94550366,8.145702838,29.69845203,10.34804188,13.75531231,7.301176041,8.704024856,17.63570529,24.99903809,31.06768363,39.74884083,10.95366971,22.55515154,23.95647979,27.48830466,15.20797568,15.69314051,9.841717663,23.98216524,55.78779528,40.68385443
AT1G20330,28.79065107,15.20230222,10.73100406,8.782981373,26.89359639,39.75762457,37.60990879,7.502827534,8.715953644,0.021850915,14.17483708,13.35366718,13.46701176,20.12684661,18.21783612,17.19516831,7.126815774,21.63815261,23.62132476,17.44759331,27.85196359,35.77589161,13.91276843,29.70692696,13.47307799,7.656510082,21.2487721,15.05999799,13.70756648,23.82987428,23.38699543,41.80791304,20.64536413,11.57523066,35.83028595,45.1046665
AT1G50430,29.31084111,8.329284445,7.432405291,5.504585461,17.30002495,14.39040709,36.84992105,2.653850843,2.456376049,4.610920214,14.09910594,13.81936005,16.99520056,21.76583334,21.69626251,20.38546848,9.873628258,21.5955615,9.922369105,13.46701176,8.591048334,12.34881113,8.35168853,11.53353071,12.86951607,9.838091739,11.98666524,15.20230222,17.27326743,21.78894718,14.4775101,11.55993674,9.488267927,16.2790278,59.70487492,45.27115312
AT1G76090,35.52606017,9.921482847,13.05954736,5.471962359,9.598422782,12.68318804,46.12208222,11.24331653,18.52901777,0.021850915,0.810341643,1.337869261,4.645063091,8.100819971,8.527891648,3.704463805,2.990487766,19.6420616,3.199924238,6.861125643,2.785609472,5.522380548,1.810310986,23.09114614,3.828842171,1.925554153,4.765128536,5.666063953,19.87368436,22.63759019,9.794066976,7.649928464,5.728207332,12.32474616,57.86007245,19.41097933
AT2G34490,2.221374885,0,0.000281434,0,4.744420697,2.790552362,12.53329873,0.010862979,0.009091081,0.021850915,4.021464516,4.64753123,2.652587611,0.775215384,1.535294993,7.353712066,3.271176901,6.155125038,0.00027548,3.816627211,1.562251,4.682034116,0.003170517,0.000180568,0.003057696,0.003155023,4.749768873,10.88352428,3.097716645,5.65320678,3.354056894,4.610920214,0.010089402,0.127306443,0,0
AT2G34500,9.97640416,4.838018706,0.988915429,0.281733949,0.516712532,0.121739373,0.000275829,0.010862979,1.881820576,0.021850915,0.00035847,0.001045535,0.958208346,0.001838323,0.001454287,0.000318224,15.75042645,4.270407422,0.00027548,0.446243965,4.553777186,5.990214517,1.934263756,0.674082957,0.003057696,0.003155023,0.002076151,2.825660177,10.94739599,3.407291083,0.000403471,0.035481252,13.06385377,26.62699768,3.758993136,0.279282946
AT3G02580,14.37766726,7.731428621,8.441290751,7.735550318,7.479212211,8.136455947,27.60012132,9.288201304,7.794741542,4.804156348,7.435817944,7.277994198,7.221208531,11.44917864,10.06118889,8.530664439,5.557568654,11.75020844,8.290302199,7.114445663,7.011976946,8.805174807,7.440243807,10.35563489,9.581651348,10.20773103,7.783681431,7.49293051,14.72883306,12.88667172,8.628625089,6.475535368,5.655929501,14.97256436,26.66814329,12.53247446
AT3G19820,94.21639187,2.412881425,5.731239675,6.540741774,84.43196689,57.86007245,68.72663108,2.200869227,2.457366688,0.021850915,28.46850918,24.9504199,13.52768206,24.81521377,31.07606363,37.97456487,5.951029999,68.72663108,30.94234397,42.58295232,9.654193833,13.15860015,20.81348156,75.69155005,5.036096178,4.28593281,26.69679998,51.81801178,41.80791304,74.74020121,56.37624921,29.49385587,16.09548097,19.22531405,108.4748455,103.0996751
AT3G52940,10.37658014,1.185508289,1.745478365,1.128476154,4.609172986,5.037260381,13.18284256,0.010862979,0.009091081,0.021850915,3.171542809,3.16000581,3.426087498,3.640433581,3.486906624,4.783878946,1.520878878,6.229423051,3.44929825,3.124881264,1.131144818,2.143989285,4.147080413,3.415965525,6.66932917,3.745264579,4.912702407,5.271818007,5.381682329,6.823299589,5.04194558,5.037260381,4.3166917,5.036185249,19.20507784,17.43747604
AT5G13710,34.3986138,18.08247922,28.40967233,14.20751408,33.65340396,37.1091795,29.62810647,0.010862979,3.453032094,7.404678366,22.62599969,23.05915262,23.2007732,24.80932233,32.70498854,38.67490371,14.27672418,46.07188786,34.51251899,20.04115748,5.011483646,7.82261792,48.66735609,48.17331629,65.96388265,60.44797306,37.36265584,44.36284633,33.22718936,47.41495973,47.15893646,20.38907369,11.37903886,21.59406939,59.09026302,47.79891441
AT5G50375,10.52155353,0.226738314,0.477648901,0.364087623,7.276810843,8.630918598,13.60696635,0.010862979,0.009091081,0.021850915,3.858881772,4.017997819,3.483226427,2.710826277,2.982651831,3.316281509,1.561520452,8.013323251,3.828138119,4.593900757,1.501079819,1.351860346,1.2397041,5.077077879,5.19786253,5.4255187,2.80023813,4.502040384,5.516343527,8.607402957,4.819374252,2.13522299,1.092460521,4.554812808,20.55140355,21.17299123
AT1G73680,4.327450542,11.4713929,5.823000418,9.790174842,3.388998187,10.20212177,18.20815159,6.926314206,6.231327556,0.021850915,10.96931186,12.35557556,12.33513383,9.797764238,11.31997105,15.15725765,18.21935501,2.527646791,19.33383092,5.739661222,15.47134993,18.80816559,0.003170517,0.79910176,0.003057696,0.003155023,9.684347521,6.824044504,7.11219973,3.188795131,6.348573874,10.89620064,4.549566422,8.913850804,2.409562569,0.067830869
AT3G01420,193.1484035,18.88603644,14.26442036,13.15699912,0,0,1.127001708,0.010862979,4.258891884,3.002446434,0.00035847,0.001045535,0.001960344,0.001838323,0.001454287,0.000318224,254.6078081,135.9629619,0.00027548,10.34849461,91.89090558,94.21639187,2.764451507,3.521195175,0.003057696,1.933908003,0.002076151,4.763853597,321.0896106,187.9402674,0.000403471,0.019852486,0.026263722,70.70958664,1.377352849,0.685308387
AT1G07890,369.7309768,270.0698689,105.3900358,44.67090187,222.8701127,210.6913115,108.3282392,2.634954782,4.518120216,8.245068742,191.6687621,202.2009156,228.1732051,131.8425124,114.1906421,165.6233763,236.8734854,274.9335419,165.6233763,168.7495506,285.6981519,312.1839626,235.7730551,139.9618864,92.77070487,86.07748062,100.1052039,187.9402674,397.5847241,210.1957165,60.19359686,64.0815076,96.16453197,315.8565073,267.5083945,116.2607745
AT1G19570,39.25055803,77.87696245,77.87696245,65.98686489,397.5847241,162.6013186,105.3900358,66.68729402,49.03541632,5.146750311,347.5379409,315.8565073,104.3527796,158.4155166,125.2945989,264.3073466,180.4675037,298.0955459,95.64350674,357.1393857,222.8701127,240.3215529,51.00784045,56.8079064,15.1588357,51.67292916,56.07059734,383.8004653,75.69155005,263.1492989,50.77358736,40.03140554,15.46708144,23.76650564,4.779238168,1.734109799
AT1G75270,39.18448541,23.27513099,10.10570478,12.26736406,9.874649519,14.75653629,15.26642797,4.600734395,7.742621843,17.0267252,10.05821379,10.71002073,11.73863702,8.480047794,7.545322283,6.336481751,36.52709764,20.55298358,8.600970543,8.131727118,25.88446322,27.21842238,17.54761056,16.31167155,17.26348585,8.787896389,11.05666344,14.65774673,26.34075165,24.59860197,7.650354219,8.630918598,15.96914723,28.28043384,23.88576238,27.68264562
AT5G16710,6.54463973,9.835740886,7.647733007,7.864673695,14.58820285,31.11115013,16.08467326,12.69501051,10.17901395,0.021850915,19.19364344,22.41378293,39.60899379,61.39134698,63.00097727,37.60990879,12.17823786,8.061436895,31.26844594,11.74198957,9.412449296,16.01630299,9.649430954,5.921125399,8.997548017,10.73100406,56.78646722,20.91460008,6.705749427,6.68494989,44.49141998,41.52702829,42.85347774,6.674731152,6.314333011,11.31374794
AT1G78660,23.72047669,7.169232309,8.053908323,12.96472793,14.4705428,14.47415912,7.280055132,3.266671907,2.985708285,10.01893205,16.80611461,16.51742197,12.31400601,10.11273651,10.77075802,14.73479286,9.33489257,30.09268378,10.27900048,11.47565401,9.299523948,8.412432556,5.690622645,35.194936,8.0046607,15.32109561,9.153930688,17.46977755,31.81166259,27.72245509,10.16223515,7.619653139,6.975549426,35.89579226,19.51920389,25.97916069
AT1G78680,17.92250143,16.82309793,37.02360424,32.23486503,22.97773619,31.76483849,9.281301396,0.010862979,1.808245583,5.472931947,29.43244464,37.1091795,48.39475424,20.64536413,21.94571658,21.40727101,32.71612185,19.75858287,25.70644015,38.74802101,23.0452404,37.60410733,7.438735635,12.22848969,5.160897042,7.61275008,16.26939179,15.30942545,24.53791057,15.80825147,11.13509782,18.70501117,10.89620064,42.26973618,21.59257727,6.433358457
AT3G48170,23.47353984,13.92288491,12.27862637,10.72206121,8.189835779,9.414575263,10.27116466,11.55074053,10.33108526,9.41006773,12.50629015,12.02264544,14.46614325,11.8109,14.12159685,16.28547501,14.11719862,22.02158555,8.21302007,12.14814075,17.79855658,18.76659557,11.13569652,25.99769204,11.88412806,13.24431672,13.80569987,13.56084808,25.42816806,21.75799091,14.94287245,13.25166029,11.32063034,21.79695172,26.80541658,25.75609148
AT4G14940,3.411399664,0,0.33988106,3.356962386,0.947134247,0.531439153,0.000275829,0.010862979,0.009091081,0.021850915,2.086848222,2.715250762,0.001960344,0.001838323,0.856651486,2.647476404,0.001632319,2.721050186,1.450289324,0.71356463,0.00016449,0.00125356,0.003170517,0.000180568,0.003057696,0.003155023,0.811631524,1.941509553,5.653566199,3.139554011,0.962257289,0.303840013,0.700985178,5.89499759,3.758993136,1.734109799
AT5G42800,1.910953248,1.735690316,0.000281434,1.085099954,19.15184201,82.57110347,3.137409659,0.010862979,3.40934704,0.021850915,2.342357283,0.001045535,0.001960344,0.001838323,0.001454287,2.425255563,135.7137209,4.105229267,2.0238362,5.673343697,1.44949506,2.208458692,0.003170517,0.000180568,0.003057696,0.003155023,1.935887731,2.527646791,0,0,2.463544779,0.199041033,0.002194803,0,0,0
AT1G43620,4.283320017,5.666063953,7.602559072,5.68499726,5.51192108,5.938967725,2.085990826,10.14850484,7.819060962,10.09595631,5.045017032,5.28586097,6.273932871,5.905763248,6.658620175,5.282143707,6.866543342,2.725775797,6.560791556,4.28805865,5.494866531,6.432718632,5.112067121,3.45772456,0.003057696,0.003155023,4.762957112,3.482064177,3.521195175,2.649486094,3.739982341,3.702822783,3.731987669,5.259482469,5.242512223,4.277215559
AT3G07020,8.191692408,11.23991137,10.9438491,16.52974006,5.083180566,5.195144722,6.927001884,9.797140484,9.027658859,24.49520347,6.395188411,6.861125643,7.102067549,6.196561592,5.923166794,6.137439888,11.89591857,6.715479129,6.276665633,7.631185024,11.1190241,13.81703613,6.44215806,7.791668944,8.434509823,5.641228277,6.255553333,5.957439181,8.242303853,7.439546889,6.69653766,7.880435414,8.485362335,6.474961835,10.51821982,8.866374071
AT2G23560,4.846989783,0,0.461813675,0,0,0,0.411512861,0.010862979,0.009091081,0.021850915,0.551571214,0.498645424,2.566380913,2.643490661,2.713407061,1.433319069,0.001632319,4.004968783,0.445042601,0,0.00016449,0.00125356,0.003170517,2.064916022,1.023336347,3.49306201,4.152892073,2.046821054,5.636511109,3.218546788,2.23778469,2.458837544,2.043668513,11.57523066,4.035496433,2.199294443
AT2G23580,0,0,0.000281434,0,0,0,41.33550703,2.913674537,0.009091081,0.021850915,0.00035847,0.001045535,0.001960344,0.001838323,0.001454287,0.000318224,0.001632319,0,0.00027548,0,1.199700491,6.482666858,0.003170517,0.000180568,0.003057696,0.003155023,0.002076151,0,0,0,0.000403471,0.003981386,0.003186399,0,0,0
AT2G23600,3.750918389,18.91868027,9.784659183,6.122263248,2.114005928,5.233938116,0.000275829,0.010862979,0.009091081,0.021850915,48.12633948,52.89785547,88.33945604,43.99530364,52.54578324,69.66968121,15.26440751,12.86882877,53.86140733,3.240978057,14.56522358,30.89386995,0.003170517,3.44929825,0.003057696,4.795833608,81.02673959,35.9695356,8.630229661,8.936669836,37.01621957,49.20209118,29.97611928,6.104842703,1.927265861,0.162035152
AT2G23620,7.213432404,3.763376318,9.300361787,0.534935851,0,0,0.384278,11.78410717,11.53781969,0.021850915,2.875787908,1.874500942,0.001960344,0.001838323,0.494807714,0.405733152,0.001632319,3.053129703,0.84376829,1.169806712,1.733612486,1.088830394,0.992446667,3.048552057,0.003057696,0.003155023,0.002076151,2.642477462,8.209330152,6.034777857,0.000403471,0.058529783,0,48.71079993,4.291468239,1.238782626
AT4G37150,6.315144182,12.96310177,6.479128784,4.537126781,0,0,4.001020098,0.010862979,2.326629464,2.80991351,5.444400031,7.099278833,0.001960344,0.780266135,0.001454287,0.517107524,32.12624093,1.392919998,0.00027548,5.275337276,6.663811914,12.14179515,0.003170517,0.000180568,0.003057696,0.003155023,1.924472008,6.115537779,5.078233736,3.802998309,0.000403471,1.127585486,0.290832862,5.682433448,0.114678863,0.411512861
AT3G02875,4.783878946,25.57062511,11.45503952,11.44555225,6.733579941,7.813328234,15.3070065,30.81439878,21.83544719,0.021850915,3.192662072,3.158698358,4.524230187,4.039547761,3.501636949,3.548662016,42.63500858,4.738386853,2.635864801,11.8071552,44.67090187,60.22986709,5.651899377,9.118266512,5.646873862,5.062590693,2.514036221,2.341559322,3.966149389,3.649022323,2.697544432,3.495941385,18.33253516,9.285103885,9.845073831,8.032105654
AT5G56660,9.148896781,6.829649565,4.608340143,4.824848152,4.000303862,6.255212263,7.078152246,4.236450972,4.089862236,0.021850915,8.293671964,8.210617108,9.269852006,8.237711248,8.381347573,8.62333859,7.624141829,10.65171021,4.650650291,3.748209471,9.580661909,10.82964125,11.1190241,9.296014203,4.76693343,7.21612298,5.667994826,6.149050076,12.32751107,9.595249166,4.605200257,7.097594321,4.824328951,16.2790278,9.845073831,6.433358457
AT1G12550,2.457915229,2.607415987,2.254987006,3.473608259,2.353811106,5.068368495,11.13253822,3.532731764,3.510979133,7.824469915,2.735013906,3.167401241,4.003514683,3.792324667,3.699638591,3.785841177,2.342357283,1.859499595,3.688160413,1.514626791,5.203323208,5.571780834,1.273797421,0.000180568,2.721050186,2.198418468,4.151419949,2.899523338,2.99542062,0.782760185,1.935062021,4.269158948,4.039122952,7.236486763,0.820385807,0
AT1G68010,2.813310511,15.11126355,8.181367406,6.853320358,10.35393058,38.15105424,17.44634507,12.27532965,9.739275671,5.291305681,61.39134698,82.30950222,116.2607745,92.574966,80.16328476,66.41002448,27.80953253,1.102819597,137.0771098,15.31412319,13.06284578,33.85364337,0.003170517,0.331725825,0.003057696,1.081744763,186.2400437,35.36987388,0,0.211175522,124.9270682,187.9402674,153.78581,0.05986572,0.0587917,0.279282946
AT1G80380,8.053908323,11.28720877,11.12502466,8.0046607,10.36465327,20.72149883,11.35822151,30.48539046,17.79582882,10.71371805,15.22451165,20.40110274,32.58808447,38.36026777,39.08928748,23.03454017,8.285406909,33.22718936,28.08385098,11.17862136,10.24071043,19.29936061,10.27986744,10.90501239,10.95366971,134.4629963,47.63786832,19.81205398,26.69679998,16.11158312,41.99186829,33.27778552,41.07945029,8.73293486,4.779238168,5.011925065
AT5G36700,0,9.682718109,3.212219427,0,3.808452279,13.65295483,3.261863743,0.010862979,0.009091081,6.473056397,28.95794643,33.89273398,39.26253624,49.64090956,42.27662756,30.09268378,10.35861202,0.086019986,25.42569305,11.46835901,5.652756359,19.24188405,0.003170517,0.000180568,0.003057696,1.25848207,71.42813492,10.56450717,0,0,50.8939816,100.5214058,86.28680268,0,0,0
ATCG00490,0.057373449,4.229065464,2.43850654,2.806662253,1.212658472,13.91048831,222.8701127,0.010862979,0.009091081,0.021850915,7.358471846,2.83750127,9.59387475,7.303054203,7.552780429,10.97694577,4.337544448,0,6.939869073,0.788204202,360.4408995,50.06864714,1.17319509,0.000180568,1.492785405,1.602533419,11.34999811,12.99686522,0,0,8.801339096,10.27052104,20.35420468,0.205925868,1.377352849,0.8990072
AT2G41530,16.47827196,8.912230543,8.335682586,9.647793179,17.81055945,16.65206857,28.097749,17.18907148,13.75754531,7.63022002,33.35156091,32.18094081,21.84776551,23.9157246,29.79948469,39.60899379,14.84971229,25.96062933,16.87673902,15.10773418,16.27295046,21.4217194,23.9157246,29.56973829,13.75531231,27.60012132,19.52859148,30.55157836,21.51250784,24.02806573,24.24078817,27.59516574,16.64901319,11.74814539,18.15925489,25.38562119
AT5G43940,47.29084138,20.14340438,19.57505161,15.56901923,43.03737002,45.81827156,42.01074229,35.2374609,33.85364337,4.783878946,66.53061828,65.80648509,71.11446672,45.57266181,52.21903578,60.73509863,31.61740438,44.62607097,56.91125155,41.07202628,25.57062511,41.62465719,27.89994299,27.90464373,23.72557913,29.47906618,32.99014099,47.21154452,38.451825,37.06594763,33.98915551,44.12355185,25.09106607,46.62270799,42.63500858,40.18663778
AT2G31750,30.55157836,15.92996175,9.963220261,8.603238448,1.524698434,2.075346669,10.32962325,0.010862979,0.009091081,0.021850915,3.402623334,3.42175974,12.26955104,5.897664955,4.975790218,3.785322307,13.75754531,9.865854918,6.244282028,7.827730175,9.669790469,20.74318664,0.003170517,3.24243393,0.003057696,2.236356216,14.38092836,13.10334264,24.55681918,17.80387814,11.78287406,20.74767149,12.49970539,0,0,0
AT3G11945,5.925001261,5.784828556,2.118350026,2.142238102,4.260671197,8.845067639,10.00788858,2.91191881,2.626518328,0.021850915,6.10230295,7.174560939,12.14333164,14.40335223,14.08365516,8.897760056,4.395249908,4.143758734,7.127639979,3.979918955,3.232292363,6.923672817,3.040297177,2.634396866,5.64241336,3.991839834,14.76854803,4.493855887,4.561718273,4.099012927,13.50983796,12.49788513,16.09367835,5.471269125,8.94435241,9.492176958
AT1G06570,6.850378123,36.51624496,30.49024073,15.96731441,4.6478611,4.574710101,9.989993416,39.00598662,32.44213718,0.021850915,9.641214862,9.868021241,15.02959135,13.86987763,11.48549428,9.274728569,74.61668182,8.000610879,11.91914055,19.74468871,30.55157836,40.46694238,5.915916886,13.1460633,4.694838981,15.15380864,13.53316953,5.507554038,7.55130427,4.925161788,21.578036,44.27571621,26.42487494,12.50016099,5.908040537,5.247177628
AT2G18950,2.350319594,17.73934433,10.70605579,8.226698713,10.42195906,10.09500809,11.55815453,0.010862979,2.415082528,3.642017769,4.995859176,4.824848152,13.52347179,3.756422642,4.909141696,5.155745539,21.4217194,2.025963162,5.451497514,13.09740877,4.993345642,5.986432177,0.003170517,2.660991778,2.7755217,4.305187073,2.776365187,4.080109443,1.894754411,1.420704767,3.230085258,4.099168226,2.83655717,1.570471219,1.927265861,4.531038486
AT4G03050,0,5.01507136,3.453415915,3.527968246,0,0,89.0481681,0.010862979,0.009091081,0.021850915,5.88390871,4.047439634,5.444810892,1.385218208,2.830310855,5.224480616,0.001632319,0,2.824753341,0.267469701,114.0138097,64.47216578,0.003170517,0.000180568,0.003057696,0.003155023,0.78465792,1.86882415,0,0,0.000403471,0,0,0,0,0
AT3G19710,2.097515048,16.18442538,0.000281434,0,0,0,0.000275829,0.010862979,0.009091081,3.21552277,442.6414864,198.4699592,203.7594708,37.35042525,90.39547281,274.9335419,25.79248201,62.95567916,0.546183317,1.264957998,240.3215529,199.4712377,0.003170517,1.335690048,0.003057696,0.003155023,17.23589713,92.96386247,18.18918686,40.03140554,11.53171788,37.79572325,2.626981524,0.032458052,0,0
AT1G61810,2.652086771,0.839629937,1.645753368,0,1.704108149,2.413767616,2.249440952,0.010862979,0.009091081,0.021850915,43.46543824,57.54990414,1.288455036,0.001838323,0.001454287,0.000318224,8.284954132,0.232738388,14.57775976,0.569615061,65.6174456,81.19013729,0.003170517,1.291549507,5.645563822,8.673881649,0.002076151,3.125730601,0.322680759,2.766475206,0.000403471,0.745236202,1.936497964,2.489375461,0.023088718,0
AT5G26310,7.171932824,0.735570027,2.844165127,4.838018706,0,0,0.472366647,0.010862979,0.009091081,0.021850915,0.00035847,0.001045535,0.001960344,0.001838323,0.001454287,0.000318224,0.001632319,4.10608716,0.00027548,0.806145395,0.00016449,0.00125356,0.003170517,0.000180568,0.003057696,0.003155023,0.002076151,0.207724393,8.716959264,2.818628931,0.000403471,0,0,11.96166239,1.377352849,0.279282946
AT5G66690,28.5468829,0,0.000281434,0,0,0,0.000275829,0.010862979,0.009091081,3.762850448,0.00035847,0.001045535,0.001960344,0.001838323,0.001454287,0.000318224,0.001632319,27.41369556,0.00027548,0,0.00016449,0.00125356,1.938105993,11.37847461,0.003057696,0.003155023,0.002076151,1.22263758,16.86589689,26.81932876,0.000403471,0.019553942,0,45.58955215,25.70420404,16.47507845
AT5G23190,18.34564215,0,0.000281434,0,0,0.62125406,9.972279484,0.010862979,0.009091081,0.021850915,0.00035847,0.001045535,0.001960344,0.001838323,0.001454287,0.000318224,0.737056243,6.653253428,0.00027548,0,0.751771599,0.00125356,6.630778757,1.849372833,0.003057696,0.003155023,0.002076151,5.660993864,10.18672904,8.437850274,0.000403471,0.830807151,0.000198035,5.471269125,0,0
AT3G61130,17.44759331,9.087200488,11.70662297,11.13371744,13.71192621,16.19137855,9.041900652,6.542556176,8.215640747,17.95814103,11.97457765,11.79277123,8.236785843,11.70719549,13.15000049,12.80326721,7.235510485,12.18540451,17.30002495,10.90501239,8.183053367,11.23243032,9.336868803,9.802682537,17.65243105,11.88712164,10.97800313,13.92407966,11.9699285,14.81133549,12.31264647,11.54286674,9.405709184,9.469153594,23.75592736,14.87713151
AT2G24270,2.320971743,7.393359127,5.062590693,4.64753123,32.70498854,44.40407001,46.83447548,2.354760945,1.903071834,4.837355654,82.30950222,87.22263557,44.80933822,22.58488948,22.62599969,36.87050408,17.79154636,1.483405702,91.71149848,31.55956776,32.99832805,67.87786871,0.003170517,0.000180568,0.003057696,0.003155023,44.38165318,30.13346372,0,0,52.66873364,71.88055244,46.6367549,0.01005785,0,0
AT1G02400,11.79277123,61.77547974,22.38016997,22.09953577,5.449030926,0,3.230857874,4.918841136,5.15459817,4.23758471,0.00035847,0.001045535,1.362065461,27.36168429,13.5414752,5.252980176,55.18298525,5.006909546,1.707592652,5.452267296,9.875259634,6.355541043,4.398475326,5.729053605,1.250204394,1.793499693,4.754391624,3.486906624,8.902158033,7.341906842,6.556357172,2.473993232,111.1470675,17.7971927,3.473608259,0.542755523
AT1G30040,0.467674831,32.02035073,41.00731041,18.04890172,9.678716077,11.0645557,11.66012757,3.992176386,3.996834531,0.021850915,15.15540815,14.94800557,1.949091762,4.466329594,3.395640281,1.786714854,10.51588439,2.347344058,1.116950633,15.63283731,3.219090462,4.025190753,30.32526328,10.01288359,6.332882959,4.735947648,4.292924987,2.317799152,0,2.222902647,1.613050294,0.457429454,4.305652857,3.179453056,1.927265861,1.734109799
AT1G47990,0.034699604,0,0.000281434,0,0,0,0.000275829,0.010862979,0.009091081,0.021850915,0.00035847,0.001045535,0.001960344,0.001838323,0.001454287,0.000318224,0.001632319,0,1.790065662,0,0.00016449,0.00125356,0.003170517,0.854451489,0.003057696,0.003155023,0.002076151,1.113047251,0,0,0.000403471,0,0,0.952874437,0.0587917,0
AT1G50960,0.002355125,0,0.000281434,0,0.102453917,0,0.000275829,0.010862979,0.009091081,2.818628931,0.00035847,0.001045535,0.001960344,0.001838323,0.001454287,0.000318224,0.001632319,0,0.00027548,0.04116565,0.00016449,0.00125356,0.003170517,0.000180568,0.003057696,0.003155023,0.002076151,0.229623881,0,0,0.000403471,0,0,0,0,0
AT1G78440,0.06517701,0,0.000281434,0,0.076069783,0.405733152,0.000275829,0.010862979,0.009091081,0.021850915,0.00035847,0.001045535,0.001960344,0.001838323,0.001454287,2.850637264,0.001632319,0,6.475845032,0.180052425,0.00016449,0.00125356,0.003170517,0.000180568,0.003057696,0.003155023,0.002076151,1.599328105,0.192775993,0.520550278,0.000403471,0.251830133,0.002355125,0.437070928,0.30891128,0
AT2G34555,0,0,0.000281434,0,0,0,0.000275829,0.010862979,0.009091081,0.021850915,0.00035847,0.001045535,0.001960344,0.001838323,0.001454287,0.000318224,0.001632319,0,0.00027548,0,0.00016449,0.00125356,0.003170517,0.000180568,0.003057696,0.003155023,0.002076151,0,0,0,0.000403471,0.008664224,0.000355149,0,0,0
AT4G21200,0.221796164,0,0.680172382,0,2.92582587,1.383765154,0.000275829,0.010862979,0.009091081,0.021850915,0.00035847,0.001045535,0.001960344,0.001838323,0.001454287,0.000318224,0.001632319,0.248295771,0.00027548,0.246374132,0.00016449,0.00125356,0.003170517,0.738492439,0.003057696,0.003155023,0.947312732,0.307714154,0,0,0.414516113,0.031381665,0.003572309,4.804450277,2.409562569,0.977780615
AT2G28800,9.677040421,26.59299864,40.00796051,24.67641502,18.62789479,27.01723826,6.875652209,36.84992105,33.11726536,6.925837216,34.74606929,44.44541778,84.73197036,81.96859641,90.66449458,43.99530364,27.4421689,10.88885611,36.38435275,30.89386995,19.7421919,46.09622076,12.26153597,15.10798227,10.10523962,22.49828223,81.74660447,27.43301411,12.26814274,9.413431492,75.69155005,87.84145206,65.69352762,8.581763373,8.026220746,7.596956754
AT1G08380,10.04931665,18.46856288,21.11875254,14.10842611,76.00101393,333.1154729,191.6687621,0.010862979,0.009091081,7.989870975,106.1034197,152.4155659,416.8269288,650.5281628,675.6015359,379.9934542,28.55934329,8.616960395,369.7309768,65.6174456,36.00846001,71.88055244,0.003170517,1.774170611,0.003057696,1.782463516,468.9563989,166.6586285,4.827399604,1.84219874,460.1071229,315.8565073,298.0955459,9.797764238,0.244343659,1.238782626
AT4G39350,22.53724886,4.482720626,3.486906624,4.321644073,8.609437472,14.39859311,11.31094734,5.936038819,5.520896406,9.337277528,25.15572465,27.54744453,9.146217626,11.18239132,12.54239664,17.41189215,3.775770899,12.11822748,30.89386995,5.89456707,8.103302357,10.56450717,6.487943769,4.830963834,3.549001103,5.31526879,12.49788513,11.81176273,16.65077918,11.48674398,10.70194578,11.7478474,14.69659605,37.98544921,13.35277519,6.433358457
AT4G32410,59.84317112,13.54063355,12.45004314,9.414575263,22.54021545,28.79065107,15.74406909,8.134752047,7.604705743,8.016275386,41.00191214,41.7329903,17.19516831,27.55038588,35.36987388,37.5579056,12.14284814,30.14956595,43.35388979,18.08784448,21.60060126,34.97961576,26.18314446,32.01501554,14.74872877,14.65355688,23.602342,32.55898064,42.85347774,37.27239182,30.18803312,39.75762457,23.21972644,56.91125155,64.20106915,23.55134534
AT5G05170,63.67338569,13.15460519,9.043923871,6.977136546,24.39357676,31.71178518,17.58049024,7.830208391,7.542655802,7.41768731,62.39023214,65.96388265,20.00292024,27.22959147,34.61996141,44.88108767,12.98135531,32.44563351,50.40970012,18.18918686,24.64400082,38.04026044,11.90463778,29.50913318,13.5414752,15.7019455,24.96142538,34.04838249,46.42720199,36.83556807,33.19381421,34.83722363,18.65370706,51.89258132,60.22986709,22.49693669
AT5G64740,36.64176613,16.63112293,11.71940604,9.043923871,17.79154636,20.12684661,10.70031434,5.902787919,6.860007429,7.102494034,26.16099911,28.36989604,10.32962325,20.00897074,22.02837401,28.27610074,9.470913473,18.19837307,32.1432256,13.06284578,16.46290716,20.04876446,8.060003158,22.34292193,10.72310071,9.281301396,19.24188405,25.57062511,25.44078328,24.37533815,20.39112596,29.79948469,24.99637169,29.94255555,47.07778944,15.09308642
AT5G44030,4.099168226,0,0.320653609,0.171949259,0.423533017,3.922150503,0.000275829,0.010862979,0.009091081,0.021850915,176.9293505,176.2390316,3.037693524,1.525248476,2.271284428,3.755767071,0.001632319,4.328698959,59.4299911,0.518359894,25.89061189,47.21154452,0.003170517,0.311818197,0.003057696,0.003155023,2.449748565,5.006522705,11.48250209,5.517944344,2.475907421,2.46912858,0.008612838,9.642284196,3.156234014,1.734109799
AT5G17420,3.440804146,0,0.000281434,0,0.35843683,2.862515734,0.000275829,0.010862979,0.009091081,3.448113365,97.24208545,96.16453197,1.865748198,0.956032176,1.596274018,3.238525626,0.001632319,3.539533228,42.85347774,0.21918602,16.53228491,27.01723826,1.10522667,0.88142182,2.410453383,1.279634376,1.604228354,4.537126781,8.57018429,4.29491754,1.94202359,1.962120865,0.002350025,9.996844189,3.156234014,1.734109799
AT4G18780,2.542322701,0,0.000281434,0.188550882,0.675261418,4.219801824,0.000275829,0.010862979,0.009091081,3.75164114,110.136411,115.9303603,2.090429085,1.360776928,1.658863648,3.830577751,0.001632319,2.913917568,45.99888788,0.523825017,16.38737023,21.78333668,0.003170517,0.000180568,0.003057696,0.003155023,1.634442075,3.955808778,8.201466349,3.820018885,1.982665094,1.778111111,0.35843683,7.075016849,1.927265861,0.162035152
AT2G23610,6.38941418,3.754514523,3.837123209,1.164704941,0.606882661,4.817624461,4.489488497,13.60696635,12.02062683,0.021850915,25.79248201,24.69360216,17.09666236,14.09676871,17.03369674,25.91005762,4.149584166,14.91130779,20.92167468,0.509076119,11.72444173,14.41498079,0.003170517,0.868392206,0.003057696,0.003155023,16.29052872,17.96062282,7.484425725,15.6192557,10.29672462,15.92464706,10.11233884,8.581763373,4.035496433,3.194052443
AT4G16690,0.1266329,18.94123816,18.21427537,13.04444836,4.684635017,9.446186888,12.11822748,5.147321356,4.345066095,0.021850915,3.10629146,4.790736501,5.920593719,4.746176263,4.556177047,1.844784194,68.54401761,0.221587235,21.28718824,10.29131332,17.09666236,14.58209703,0.003170517,0.333373606,0.003057696,0.003155023,2.714188137,1.08815902,0,0,6.33920119,14.76173632,13.35188321,0.166538622,0.0587917,0
AT5G58310,0,0,0.000281434,0,1.223609286,12.23086098,0.000275829,0.010862979,0.009091081,0.021850915,7.873914845,11.97457765,7.603774365,4.933335588,3.839457476,3.828842171,0.001632319,0,45.12553047,0.288650088,3.474434615,8.440137211,0.003170517,0.000180568,0.003057696,0.003155023,14.39859311,1.158758058,0,0,3.704055206,13.25479653,20.24221627,0.091509188,0.176398388,0.411512861
AT1G10700,7.102494034,4.085607081,3.78845011,5.832229013,2.801580375,3.210769813,6.325893321,5.059010294,4.298863565,13.10082532,4.096137874,4.147080413,4.462319439,8.146857074,6.919754188,10.29524594,6.432412143,7.433077554,2.278544408,3.18042661,3.243644753,3.280984482,6.474961835,7.497786354,8.714834022,10.56354331,9.089597582,7.103474292,7.440871604,8.145002804,7.562595119,5.558751196,6.706955707,9.797764238,9.845073831,6.892014255
AT1G32380,5.070029298,8.478933264,7.30918454,13.14669321,4.400329836,3.431081795,5.940988423,35.36048915,25.3189304,25.20527043,2.437320582,2.337965543,4.39244386,3.475918545,3.218546788,2.992432586,6.682376764,4.973194556,2.193248536,5.635545646,3.402623334,4.050877844,6.33920119,5.670133345,7.604358529,5.020748272,6.863751459,3.699257285,4.484822958,5.788249371,4.981276115,3.083966723,3.774261827,2.489375461,5.242512223,10.71841131
AT2G35390,5.012819887,12.44452413,8.328682657,5.029405387,5.31526879,5.877023284,6.254866737,9.368100449,10.34141995,4.918462696,5.224846395,6.330252307,12.12418368,9.135555161,8.232446899,9.689120358,15.91960227,4.057473214,7.994898656,5.877023284,5.685665346,7.560299673,8.095889069,3.922796851,17.408367,17.08190003,17.09666236,6.59842925,3.477889188,4.783158215,11.74269357,12.31400601,14.65588703,6.104842703,4.035496433,7.359316782
AT2G42910,17.60253391,7.612186899,9.033398456,8.206723343,11.49854109,12.14814075,13.35452041,10.95366971,9.720100486,5.64241336,12.36764958,10.872442,9.281301396,8.628625089,8.982774696,14.61331704,7.30918454,18.57823755,9.447728133,10.16628587,12.99994535,9.966236379,12.35292928,12.86951607,24.97630138,15.3795909,12.18448931,15.37399391,15.75347592,20.12460849,13.15460519,9.594724581,6.13358679,10.54928345,15.33944057,30.36725688
AT2G20860,12.26472003,16.10848453,15.75901169,36.51624496,11.78720938,17.54761056,14.40759616,22.88946261,23.83281002,46.50061954,17.51567675,18.980815,19.92418361,25.14316212,26.67152993,19.22531405,13.09431697,12.00251062,18.36513918,14.22635599,20.1465176,25.03827797,12.01581312,10.70548504,11.31997105,8.045430698,31.76483849,18.25426231,11.88712164,10.72349891,28.53757465,28.42590257,29.78706969,11.96166239,11.31997105,11.95903184
AT2G43360,19.00727072,0.311058856,2.461895453,2.551017904,12.85813485,16.12969689,36.42580365,0.010862979,0.009091081,0.021850915,7.105449276,5.88797819,5.874480345,5.922339218,5.751514159,7.017492618,2.941486071,15.74517142,8.013323251,8.214537469,5.88727246,5.650978472,7.913751589,8.032105654,14.39040709,9.638712753,11.38217551,14.27610071,12.33678791,18.65140778,17.98545868,5.455843538,5.198750201,8.01572457,16.86779729,28.67934661
AT5G57590,4.393906782,0,0.000281434,0,2.729315127,2.479701144,1.357417782,0.010862979,0.009091081,0.021850915,2.771195803,2.648061167,1.125116044,0.001838323,0.671646575,1.573608264,0.925716662,3.241966249,2.658631025,1.188180605,2.494925235,2.140396066,3.609728463,3.646446471,3.178950845,2.711830841,2.116983931,2.548346022,2.482467608,3.801067622,2.781514361,1.388726745,0.009536029,2.850950429,4.291468239,7.814198548
AT5G35360,55.93779579,5.730835371,10.27189272,9.655832197,30.43132518,31.0412499,69.81358776,5.229510426,4.28593281,7.598425738,21.11875254,17.78858257,11.91914055,22.44750727,25.08705363,25.3189304,7.013525161,35.02305426,18.25426231,25.66409377,12.62614388,15.16522923,6.858615559,20.25909723,37.16993431,18.7819809,26.59299864,34.22631329,33.1646052,42.36591675,45.12553047,22.92675024,21.07511671,14.08683692,45.197479,60.25816011
AT4G24040,0.409501685,14.20853815,18.57823755,6.938618119,8.926240974,12.22735387,6.683582542,5.245873554,4.041941408,7.39903189,0.626447978,1.216988242,3.206558914,5.07761374,5.028140441,1.551167113,9.483102311,0.473144106,0.511030391,11.98013551,9.862993394,8.000610879,3.132451924,5.725106391,0.003057696,1.566719882,2.454226947,0,0,0.136865165,3.093594409,2.25749753,2.614306411,0.437070928,3.473608259,1.734109799
AT5G62530,20.35212842,8.792145152,6.899047568,6.094877903,9.304250731,10.19965741,10.10523962,4.502506842,3.84257405,6.887686422,11.13971755,10.20569685,7.860445601,7.805693406,9.264924664,11.31194979,10.29895638,18.91868027,5.933490213,8.985363143,11.64171896,16.11158312,3.450118758,12.70826945,5.887673079,7.642523797,8.899223433,13.17740285,15.10773418,21.59873373,8.910474759,9.276833907,7.430234484,9.642284196,12.33040921,16.47507845
AT1G54130,6.892344451,47.15893646,45.36520175,22.21945995,10.50573343,9.724924137,10.68392063,49.94577936,19.87165887,14.08949322,11.24106498,11.79175539,30.42114294,19.52106777,23.9032816,17.73094416,128.6590984,7.996503154,15.92637802,38.14021211,23.0269372,27.4421689,5.468774313,7.593759653,3.709553991,5.529056573,11.98143295,10.11233884,8.7053838,7.072984786,15.10823037,12.70093943,43.35388979,8.01572457,8.026220746,4.771565965
AT3G17470,2.344820108,4.537126781,4.313140078,3.778653648,3.503778246,5.043987299,1.91843775,4.589922982,3.964187336,8.28228562,5.986066928,7.064638265,8.927256827,8.349288701,9.659442238,7.436501866,4.600315326,2.124839403,8.201466349,3.986351351,4.141273496,6.645630153,2.208823171,2.380053917,3.156717987,4.014891614,10.1794907,4.347454367,2.941051218,2.28044337,8.577583122,10.11531433,11.1182473,2.489375461,4.035496433,3.194052443
AT5G19530,8.058179481,0,3.168726801,2.433247599,8.337563876,15.74517142,7.913081324,0.010862979,0.009091081,0.021850915,17.64058313,19.86890319,7.617555279,7.995303272,12.96761032,20.76268061,2.196122681,25.70644015,13.86429958,5.825778289,6.712283099,9.272468586,15.1588357,16.71782232,3.746693608,49.03541632,8.005817363,31.61740438,16.47827196,22.44750727,12.35292928,7.060360691,0.088228423,3.179453056,4.543930876,7.121063702
AT5G53120,14.06413244,41.46354501,34.16226423,27.54744453,28.26246552,25.8110548,11.64577588,15.48746099,14.95409519,7.446737782,34.68464113,37.2645426,17.73736981,11.64292573,11.88198955,13.00180362,34.47313585,12.45331779,28.70300744,44.67090187,69.04874694,168.2250849,11.53883721,12.70093943,21.63815261,19.74468871,4.022204841,8.521905711,12.63188054,12.45119523,3.858881772,11.73250933,8.483466624,25.71110151,8.94435241,11.1198301
AT2G46110,1.077081366,0.482299976,0.000281434,0,2.49131153,3.113798706,6.918601595,2.835028002,2.339648185,0.021850915,1.518749024,1.444336224,2.804333763,2.729315127,2.562887883,2.482467608,1.923252389,0.867902002,0.886157884,1.213782856,1.953252513,2.986023562,2.812004404,1.880380189,3.264331957,3.164728851,3.724973386,1.148601019,0.678340906,1.22071073,3.561260329,3.50882182,3.754920216,0.437070928,1.927265861,4.026724626
AT3G61530,2.320523359,2.66051159,4.2581935,2.42245687,1.917968747,2.601430573,3.238894239,14.73254887,13.14331938,0.021850915,3.112534197,3.104943874,4.818887688,2.920995958,2.992143973,3.206558914,4.107241727,4.606989992,1.632854006,1.905743796,4.290759193,4.055256108,3.800654641,5.253457337,4.315769659,4.80097553,4.739535512,3.969503893,3.261530592,3.82980891,3.999258937,4.555890744,4.035671861,3.179453056,3.156234014,5.478337223
AT5G48840,2.561135451,2.603874569,2.026979356,2.014377365,3.241966249,4.93292382,3.517035667,3.44929825,2.916243427,0.021850915,3.77354912,3.736922116,4.695221075,3.729858946,3.469115616,3.204332874,3.189152663,2.360929743,2.926171647,2.35818698,2.712279771,4.058404528,5.15459817,3.269911972,3.112907361,2.874417223,5.74033412,3.152993753,3.153480805,3.568461467,4.585906325,7.428290254,5.734085828,2.850950429,2.409562569,3.768798343
AT3G61440,52.40164618,20.42821932,67.34397609,33.53757344,63.67338569,52.12067528,27.01723826,3.271893997,2.72311824,6.872654271,120.790392,108.3282392,124.1616494,62.95567916,68.43243161,159.3381095,43.3965547,74.85340048,56.68246647,53.86140733,34.90131243,45.68272814,55.18298525,124.1616494,27.93754424,112.634275,166.6586285,230.0830159,84.24025971,70.15354159,210.1957165,99.3929329,66.53061828,39.00598662,39.60174593,29.64765607
AT1G24280,11.97924129,2.49131153,0.448001786,0.526978469,1.65966443,1.87234961,3.128341066,2.626178946,7.276141388,3.79304904,2.649486094,2.451187674,1.605364703,2.361819191,2.118818472,2.362290705,1.281984767,11.88712164,2.04843152,0.771456133,1.330282135,2.321827638,5.994567471,10.85938812,8.330088336,3.496767077,8.586086149,12.50811103,10.4657809,15.02196743,4.465220381,1.876333992,1.862038482,8.201466349,7.475692178,7.596956754
AT3G27300,13.4263981,12.43838921,11.06629657,9.031518283,6.679239548,8.920400659,7.638254384,18.77620352,14.57146539,0.021850915,10.16548578,9.849318138,13.09515237,8.721889536,10.56354331,10.47038005,21.65252463,21.77763328,8.848596836,10.05749229,10.95831431,12.35118424,8.192773844,17.07859913,11.37903886,20.12684661,7.499141615,12.89223848,21.20148404,22.2338865,7.809971279,6.65939545,5.237953689,16.09172577,16.68803341,5.247177628
AT5G13110,16.26101055,11.46109196,6.161148363,6.914003151,2.69924561,2.91098244,9.263258422,6.899892524,16.90867536,8.205056063,4.266449197,3.833872194,4.68392221,4.315769659,4.02445521,5.148403208,13.952899,13.50911316,2.888305717,4.686623573,5.719832846,6.971274301,7.991117934,10.71151287,13.80505956,9.488267927,7.084932666,10.79460175,14.33678622,13.50911316,7.983343376,4.823213684,10.01791101,12.50016099,13.52184748,11.95903184
AT5G35790,0.676993063,3.533718066,4.911067469,4.047439634,9.870681855,15.26894742,14.75776132,5.499547823,4.026093162,0.021850915,13.50590179,14.48336832,16.82087889,20.46310024,22.80334054,24.79928028,4.228200636,1.708593551,15.10554648,9.371293665,5.26254473,8.479526524,0.003170517,0.499646244,0.003057696,0.003155023,28.8788583,13.91489987,0.747005936,0.902277346,25.57062511,16.29309482,14.58209703,0.952874437,0.46233691,2.199294443
AT5G40760,28.37244535,11.14201607,9.337762365,9.130748813,14.61551988,15.37656931,21.32898496,17.98361833,15.31554373,6.436397379,28.40967233,27.77482452,15.10376363,9.051854149,12.5022389,16.44555157,14.94800557,24.39612944,16.52003345,13.09431697,23.59422236,27.75401159,11.24106498,30.10372998,13.15193048,38.36026777,3.142480778,11.91301802,32.87785475,26.01229907,5.90003976,6.48428687,4.032515325,40.00796051,18.7819809,12.71076646
AT2G41490,5.911749116,5.416598626,5.465691982,8.145702838,3.250573848,3.164034971,3.776155099,4.148194931,3.234950188,15.15380864,5.298230155,5.048298579,4.994252897,5.041629834,4.973194556,4.694089164,5.989515114,4.93228079,3.549940008,3.75164114,4.215796495,3.785322307,5.698973445,3.436708347,3.78720124,4.913219917,4.086412481,4.320298153,6.154403136,4.779639578,3.521668645,5.418738175,4.802481789,8.201466349,8.597026821,5.708952612
AT1G48140,9.269852006,8.060924748,8.537304668,8.027589861,7.825384797,10.11273651,12.01581312,4.831417569,4.262369741,12.71117716,8.290923441,7.807712256,9.278615179,7.545322283,7.555155584,7.441739901,7.605509486,10.51440201,7.480490868,7.434185874,7.534140303,6.05425644,10.60904289,8.624815034,9.048781823,7.22955449,6.79160254,9.79197076,11.47565401,11.72839613,8.097638468,4.072126255,3.105506492,12.15350152,16.86779729,19.63946804
AT1G05800,0,3.694939944,1.593500693,1.145352918,0.135013176,0,0.000275829,0.010862979,0.009091081,0.021850915,0.00035847,0.001045535,0.001960344,0.001838323,0.001454287,0.000318224,0.001632319,0,0.00027548,0,0.732705295,0.00125356,0.003170517,0.000180568,0.003057696,0.003155023,0.002076151,0,0,0,0.000403471,0,0.323855458,0,0,0
AT1G06800,4.540068719,1.191492907,2.734203983,2.436958039,1.227606248,0.699952852,4.697420642,4.554098315,4.060838276,6.094461998,0.897257248,1.141736564,2.51252251,3.188795131,2.23023418,3.095178904,2.833306137,3.540695888,0.877508129,0.671231625,2.114005928,0.76135835,4.145255068,6.841908971,3.678982296,6.090515865,4.488217568,4.535642845,3.041012212,2.923302147,2.232084413,5.073490779,4.246209379,2.850950429,1.927265861,1.734109799
AT1G51440,0.004691217,8.200439853,14.21005007,12.31577155,2.657181192,0.801133323,0.000275829,0.010862979,0.009091081,0.021850915,2.782706706,1.882891511,4.545839493,4.975790218,5.319774958,5.514455132,1.708593551,0.077565293,1.137879508,14.51592785,0.443260963,3.24243393,0.003170517,0.000180568,0.003057696,0.003155023,0.002076151,1.348220548,0,0.13114916,0.000403471,11.37024144,0.027837737,0,0,0
AT1G55180,0.104737762,0,0.000281434,0,0,0.48461798,0.000275829,0.010862979,0.009091081,0.021850915,2.014772874,3.105506492,0.899945068,0.001838323,0.001454287,0.563319601,0.001632319,0.733498593,2.261366279,0,1.10576904,0.00125356,0.003170517,0.000180568,0.003057696,0.003155023,0.002076151,0.414017429,3.241409601,0.703004987,0.000403471,0.757993257,0.001838323,3.179453056,2.799213659,2.884082229
AT1G61850,6.733162287,5.044523508,5.725106391,10.68929266,3.50011754,3.492738013,0.961600389,4.242126645,4.107241727,18.47453142,5.148002687,5.309016433,3.818490945,5.244333707,5.821091707,5.827392871,5.93458819,4.914162291,5.153586874,3.994603595,4.474509456,4.214556902,4.839139436,5.212450268,9.333671505,11.24239263,5.944100028,5.29352477,6.882343782,5.878904181,6.141065875,4.803059612,5.01830538,7.236486763,8.026220746,5.247177628
AT2G06925,4.922855628,0.860177358,4.261187465,2.545674963,12.50464549,15.9010882,33.23382223,0.010862979,0.009091081,0.021850915,5.247399675,4.534242697,7.343025243,9.125920644,9.146217626,9.186555369,2.264209621,5.007977759,6.471911019,6.972461748,0.857641008,1.506810733,24.48430461,1.793499693,0.003057696,0.003155023,3.992176386,8.484817013,5.005616517,3.491110691,8.014752955,1.912302762,0.157574716,8.01572457,7.643900922,4.277215559
AT2G30550,5.196072077,13.1460633,13.50590179,9.048217213,1.434233593,3.529603769,3.808072893,2.064479667,2.980999611,6.503243458,16.18339973,17.17888918,7.49293051,10.02018715,8.392452776,5.922007499,64.0815076,3.801067622,7.990418483,7.652021663,10.35563489,14.39963462,6.980642392,26.18314446,2.200869227,5.670133345,5.645851793,4.909560522,5.209079262,2.649997513,4.00255101,9.571788235,12.31830732,7.421723771,3.473608259,3.490697209
AT2G31690,0.004177936,0,0.000281434,0,0,0,0.000275829,0.010862979,0.009091081,0.021850915,0.00035847,0.001045535,0.001960344,0.001838323,0.001454287,0.000318224,1.357005759,0,0.00027548,0,0.00016449,0.00125356,0.003170517,0.000180568,0.003057696,0.003155023,0.002076151,0,0,0,0.000403471,0,0,0,0,0
AT2G42010,7.406455773,12.35962221,10.50981987,10.60904289,5.482864832,4.102640199,2.781994057,5.453700865,7.092035333,13.16760077,5.519358743,5.151609237,5.022167652,6.557193321,6.029088237,5.918895658,12.86376008,4.585471399,5.244333707,5.203323208,18.40463046,13.70475502,4.800003737,5.29352477,3.969038735,4.282968159,5.512649313,4.497513749,8.2476153,5.911309712,4.805423027,5.441491308,8.033226074,8.581763373,7.090430587,4.771565965
AT2G44810,0,5.513803873,3.836789151,4.503470475,0.071000404,0,2.340938359,0.010862979,0.009091081,0.021850915,0.00035847,0.733978451,0.001960344,0.001838323,0.001454287,0.000318224,0.001632319,0,0.00027548,1.508878792,0.594505325,0.939186345,0.003170517,0.000180568,0.003057696,0.003155023,0.002076151,0,0,0,0.000403471,0,0.192227267,0,0,0
AT3G03310,6.032997447,6.326994537,4.782752323,4.790736501,5.86515187,4.289455037,10.16989775,52.88098848,38.74802101,0.021850915,7.489033818,7.637978218,5.045017032,4.566643933,4.804156348,5.606664788,22.23798067,6.841501266,3.83558062,5.885633512,6.830499573,5.708736147,13.18444879,10.83037893,6.036370934,8.626689893,2.467450024,5.450554547,5.2204638,5.437070637,2.616363916,6.132688268,5.500737735,6.104842703,8.214802745,9.101898221
AT3G03530,5.943532519,2.079710028,0.565409649,0.840225374,0.063126623,0.088228423,2.051665165,0.010862979,3.758028742,0.021850915,0.777413959,0.565903588,0.001960344,0.001838323,0.001454287,0.000318224,149.1889309,3.252798761,1.182908903,0.143507001,6.395802621,2.807366969,5.706264798,3.842064181,0.003057696,0.003155023,0.002076151,1.86917746,2.824753341,3.979703031,0.000403471,1.153870098,0.004611678,0.952874437,0.114678863,0.067830869
AT3G03540,0,0,0.583927439,0,0,0,0.000275829,0.010862979,0.009091081,0.021850915,0.00035847,0.001045535,0.001960344,0.001838323,0.001454287,0.000318224,3.503778246,0,0.00027548,0,0.00016449,0.00125356,0.003170517,0.000180568,0.003057696,0.003155023,0.002076151,0,0,0,0.000403471,0,0.005180395,0,0,0
AT3G15730,69.28761249,38.58002986,27.89376317,18.97344778,52.12067528,40.71695059,22.44750727,14.74872877,16.45417351,4.556831334,70.38460453,70.70958664,49.37235878,43.23349,49.37235878,44.40407001,43.48005518,57.54990414,53.2942653,51.54780746,42.74514288,61.99376721,80.3215328,68.72663108,46.81811626,70.65699843,28.95794643,36.31667251,65.96388265,62.24642341,32.3872783,39.46682363,22.72651315,65.69352762,55.40467381,33.19381421
AT3G16785,5.877023284,8.199911225,6.903954935,6.457587731,3.707454499,3.483859971,2.379119897,5.246955581,5.469236419,8.782219741,5.239642084,5.29352477,5.422335293,5.993257183,6.632550345,6.889058744,10.14561402,4.989722974,5.05228903,4.777996418,6.979360157,6.503438473,5.208972528,5.492510552,5.228234448,7.072370822,4.596855431,4.792051081,6.229107775,5.635231622,4.986598336,5.152426277,5.249116972,6.104842703,6.487076205,4.277215559
AT4G11850,12.61010281,11.30125648,7.837214045,4.285379439,4.474793821,3.1383183,2.892470024,3.606960677,3.54767963,0.021850915,6.903954935,6.645630153,9.677040421,11.98260518,10.37323954,12.16329227,10.97643305,14.0846419,3.848436576,4.491784105,7.099739741,5.872123086,15.42453509,14.41388566,13.37531067,41.61022341,6.495928769,7.427622241,18.32906446,13.90605038,3.75164114,3.455078359,5.518993573,16.95134705,8.783914061,5.929306091
AT4G16820,0.00320211,0.27094139,1.416206738,0.25320245,0.239796355,0,0.000275829,0.010862979,0.009091081,3.169392888,0.00035847,0.001045535,0.001960344,0.001838323,0.001454287,0.000318224,0.760304464,0,0.00027548,0,0.00016449,0.00125356,1.859499595,0.000180568,0.003057696,0.003155023,0.002076151,0,0,0,0.000403471,0.003001366,4.071117777,0.952874437,0.820385807,0.067830869
AT4G29460,0,10.95447652,13.5122635,65.06458564,2.553094788,1.12241635,0.000275829,0.010862979,0.009091081,74.238695,0.00035847,0.001045535,0.001960344,0.001838323,0.001454287,0.000318224,0.001632319,0,0.520104645,12.97930173,0.00016449,0.00125356,0.003170517,0.000180568,0.003057696,0.003155023,0.002076151,0,0,0,0.000403471,0,0,0,0,0
AT4G35790,21.29438372,17.08190003,20.75837704,56.2766722,10.42947202,9.234829068,9.856392823,14.28500347,13.64685445,65.98686489,15.80235497,16.08467326,14.07976471,10.68672607,12.63112777,11.46109196,25.79571174,16.38737023,12.63112777,22.06097554,15.90972229,18.35036827,10.50621328,17.17888918,9.40875305,9.972279484,8.227832227,13.51808431,19.46268583,15.61279029,12.17481725,7.555155584,9.790706212,33.1646052,14.2780627,9.939917499
AT4G37070,38.98548838,0,0.86063835,0,0,0,0.000275829,8.579315742,6.867001558,0.021850915,0.00035847,0.001045535,0.001960344,0.001838323,0.001454287,0.000318224,3.221812229,43.07385794,0.00027548,0,0.00016449,0.00125356,2.059028572,9.123952652,0.003057696,0.003155023,0.002076151,1.664798091,154.6881933,42.15155132,0.000403471,0.218210652,0,114.853828,7.475692178,1.734109799
AT2G15230,6.473056397,4.519696743,4.561718273,4.834515613,3.553053994,3.688655394,6.685482653,5.442406333,4.934027719,10.51887065,5.706264798,5.905096631,6.503048443,5.914013385,5.472371116,5.316297849,8.838305246,8.794587204,3.279933141,4.692045082,3.469418628,4.771428431,5.213928981,4.556506291,4.277794155,6.032718176,3.696374274,3.796765771,9.977562278,7.121479585,4.524737814,4.313140078,3.775201002,8.201466349,6.487076205,6.433358457
AT5G04040,6.725655749,11.12165572,12.16435785,11.88198955,4.577636253,5.476460034,6.444418413,11.88412806,13.76708343,15.22990884,8.430633423,8.179277861,8.63439631,10.00524289,9.839141658,10.517569,17.27190525,8.024093786,5.31402297,7.729667762,11.9575941,12.78518163,11.73936179,7.104981865,6.398277488,9.839141658,10.01091047,6.730644348,9.225717459,6.150334687,9.46634278,5.992704071,6.280868735,6.88067585,5.697587564,3.490697209
AT1G18500,11.25232884,8.145702838,8.215640747,3.823772749,10.09696307,8.94186922,10.4657809,48.00335611,37.06594763,0.021850915,9.794736882,9.460736188,12.51413334,11.84810066,11.41301358,12.31577155,10.35005748,12.14284814,5.455843538,8.205056063,6.715479129,9.306758071,11.47565401,16.51562523,20.82745505,13.20560279,14.23163197,9.958003565,10.28254975,12.8557989,18.03910875,8.987666953,10.61445412,7.421723771,9.313903023,20.19108725
AT1G31180,13.39207382,6.491730463,5.874932967,3.481317433,13.99408239,14.64673638,14.4589659,7.538960823,5.880705684,4.550269602,9.132230443,8.844289584,9.126976003,9.784159518,10.17346685,9.598422782,6.231684989,10.88459292,7.221208531,10.45888923,7.445939448,7.283988791,14.38092836,10.51226973,13.14669321,7.217896364,17.96626162,11.71999026,7.423046406,12.35621067,19.44543215,8.748879114,8.715953644,4.804450277,9.845073831,21.9840213
AT1G74040,5.303123821,4.287264963,4.278763946,2.652086771,5.988981241,5.720680883,3.957986212,5.28586097,4.575484568,3.051574278,5.723363066,6.052772631,8.597849709,8.053908323,8.422331314,6.474546892,4.972823382,4.255997552,5.454109024,4.561273909,5.318288652,7.233636163,5.673660463,6.046878118,8.100819971,6.237475159,12.87630155,4.522306928,3.430255896,4.921173258,11.96166239,9.683656845,11.64142448,3.179453056,5.242512223,8.629902426
AT1G80560,10.5552757,2.788060759,4.391070859,1.434233593,11.49725561,11.53883721,6.128047421,6.498857824,6.163480542,0.021850915,6.030035497,5.657036305,6.534741706,9.331553702,8.440137211,10.34304434,3.923315853,13.42955253,5.680957643,7.603774365,3.966595444,3.704463805,24.53791057,19.29936061,18.88235672,13.35611729,13.14939496,13.76922751,7.642523797,15.26894742,17.63570529,7.839833939,7.819060962,5.259482469,13.52184748,28.88215612
AT2G43090,35.62488415,17.45083979,19.14867957,11.17862136,37.27239182,30.48539046,35.194936,30.14205092,32.97717932,4.565327088,20.82745505,21.20148404,31.70155754,32.99014099,33.17283185,25.96062933,23.21972644,37.60410733,17.78002226,28.42590257,16.09548097,24.48430461,52.81439799,33.6846204,72.77734776,35.9695356,40.94183453,31.0412499,31.36800567,42.40027782,44.27571621,21.69626251,18.20329304,24.96717407,31.33155936,57.65389528
AT1G03090,4.999315848,6.700246761,15.5994802,8.411598269,5.689526661,4.223827184,7.985557626,11.47201126,7.980951262,6.036370934,7.437427306,6.89865327,5.946967109,6.559092298,7.618789088,8.340213328,5.285548655,9.500462029,4.219268025,8.951773985,5.476867692,7.245143155,4.772185446,5.237669816,3.357826338,5.998600388,8.44442035,6.631629028,14.41582899,7.242370292,25.44078328,5.926754946,5.956880968,6.88067585,5.697587564,5.708952612
AT4G29840,21.78894718,6.135790251,4.773045344,6.237475159,10.14963609,8.420705283,22.53617058,54.62780625,63.2534022,12.49513857,10.90626715,14.10720769,11.37746276,9.911786457,10.27486041,14.46505084,8.850371748,13.80441924,4.571117507,10.17346685,7.789189433,7.832997001,12.5306548,20.55298358,14.27458175,7.833825204,12.08886696,11.37903886,7.016300537,13.43260013,10.72310071,13.6517773,12.23086098,7.616414748,20.25073971,40.93437935
AT1G09795,4.978810346,12.02264544,9.407278746,9.459921096,15.46708144,18.85524205,14.91673722,29.06987193,25.44377281,11.48041522,10.64972055,12.63019156,20.62699637,19.86890319,22.88946261,14.55644651,12.96651718,4.543711563,14.33678622,13.75632823,10.79179919,19.39300052,4.75998568,6.443342796,10.09500809,6.473056397,21.1891887,11.96238165,2.481502043,4.468082288,19.57102767,15.9010882,19.07188112,2.850950429,5.697587564,9.939917499
AT1G31860,8.188818806,1.850795438,2.528503892,0.730646165,12.99336952,12.51460417,11.34999811,7.231316898,5.719067016,0.021850915,6.836870972,6.399970282,2.991773272,6.347677197,6.26226631,6.684275604,1.707171834,11.88089967,6.925378089,8.920400659,2.843283193,2.990842117,10.5960529,11.65516672,19.46591085,7.425980604,9.661303046,11.25404127,6.838882847,12.12028534,11.04163644,2.54444282,3.10870187,3.179453056,8.783914061,20.57722063
AT1G58080,20.07556194,6.913471244,5.479508139,5.006909546,7.555689322,11.14093476,7.834369258,9.043923871,8.19593235,0.021850915,11.28358689,11.64292573,14.76006898,19.76246968,19.91903464,16.39529833,11.07086655,21.92936618,7.2440948,6.198569917,6.475845032,9.978740894,12.66889063,10.55850186,26.81932876,15.60863935,32.08876518,22.814426,19.19008345,19.94173932,26.00487447,25.8110548,21.32898496,18.08863424,17.63570529,21.56289987
AT2G36230,5.896556027,0.888577198,0.734523056,0,5.940505656,6.857834386,6.354343237,3.184894849,2.227605663,0.021850915,4.828452854,5.029405387,6.543055489,6.235800622,6.453270292,5.711902491,4.298004306,5.88036713,4.817624461,3.428551494,2.915314281,3.503778246,8.490778056,6.164796655,9.505219585,6.456164177,8.401301477,6.915581495,3.811534127,6.721107896,8.14280703,5.864087846,5.946450834,2.063431517,7.475692178,12.17291996
AT3G22425,6.165175716,6.039811332,5.290492592,4.985443646,7.751893776,10.35393058,11.67704482,8.784338911,9.411358482,0.021850915,5.649742532,6.355541043,9.301218123,5.321574551,5.04194558,5.653566199,5.522068114,6.876067288,7.078152246,5.874932967,7.699312952,7.997314832,10.17744425,4.582038998,14.94550366,12.52771921,6.15851556,4.761266198,5.466450969,6.043397995,5.300778518,6.635099081,6.903954935,5.471269125,7.837686822,10.34737806
AT5G10330,4.544459649,4.347853608,4.038013923,3.424195217,9.806563577,11.12117326,9.778639917,2.546049337,1.972672897,3.050722999,6.838882847,6.26981024,7.55626179,6.500712577,7.053733357,7.613719884,4.290027547,9.037741191,8.380977653,6.130422666,4.800342286,5.244333707,4.974508761,8.392452776,16.14967645,16.12969689,9.09137394,8.003372303,7.442902087,9.679448696,9.477982638,5.257122321,5.31014163,1.570471219,3.156234014,3.490697209
AT1G03475,8.18596279,7.120123494,8.780474051,6.444867757,15.98316435,26.93355701,12.43838921,11.48041522,11.4993687,0.021850915,11.05407486,11.90727026,22.37858104,30.24484012,28.55157319,19.82459353,10.79460175,7.597963921,15.49072525,12.7137508,7.504406896,10.51291756,10.51356422,8.287795292,7.404134928,8.345051342,32.94602333,14.28176175,7.562989073,7.410110389,37.21557922,22.72651315,23.01335274,7.817372141,8.407281793,10.34737806
AT2G30390,3.460671946,6.089419391,5.27285586,5.70121147,9.096073463,12.16329227,4.758553147,5.420743501,4.324396589,2.915314281,10.10283153,12.51256228,17.09325334,12.99762176,14.13806731,8.046307319,7.053733357,1.920897593,16.52778715,9.639419388,6.039081403,10.42195906,4.517245006,2.540932246,4.305187073,5.910003024,17.10546848,6.655823162,1.964593537,2.257993258,12.74552861,22.02837401,20.94131857,4.038477681,3.758993136,4.531038486
AT4G01690,10.00524289,8.910196616,8.994751972,8.045430698,8.615089941,16.06721697,10.60655815,7.606106302,6.923090321,10.60430882,11.06566564,11.48776125,16.31656023,23.76180518,23.6059428,15.49600148,10.94282347,8.197713871,15.41563901,9.281301396,8.951773985,13.64200559,4.500428385,7.479212211,7.392952921,6.864090293,26.80541658,13.1460633,10.05470395,9.052751001,29.06987193,20.13074792,21.55086373,11.24933949,10.34304434,8.237711248
AT5G26030,35.46292421,75.69155005,79.41119601,42.63500858,47.53176483,12.89040563,19.87550159,8.137261695,9.142211992,11.54368202,10.56303302,9.682718109,11.04469416,24.93905023,13.05459478,19.38618518,16.81127764,13.69160657,17.47267126,22.07976913,59.29902081,31.182003,28.75831686,20.95052164,9.490564917,25.36083288,20.72683962,16.22926315,14.60230874,13.94283123,9.370312708,12.00251062,38.5430401,40.18663778,18.7819809,12.17291996
AT1G08630,0.064486356,17.69733839,7.877857012,5.716757478,12.6991726,5.56955342,43.68341904,6.978393908,6.315317614,0.021850915,5.63683143,5.301186472,1.00486741,0.001838323,0.001454287,0.000318224,7.122953414,0.807684018,16.07462975,10.6134588,5.736859021,6.865831541,0.003170517,1.37331464,0.003057696,1.66134619,0.804999448,1.392400696,0,0,9.573978501,0.105930403,1.624656073,0.020262441,0.30891128,0.162035152
AT3G04520,9.806563577,24.78561341,13.93515755,12.14971659,5.290492592,5.261738241,6.258981707,4.312107045,4.247181155,0.021850915,8.393150031,6.328344376,12.32265288,4.971262625,4.648786569,6.830842601,11.04276666,6.905752539,7.160281976,11.56224054,26.93355701,23.38699543,0.003170517,17.48161987,6.886257251,4.834011972,9.375430226,2.630871933,9.139284406,5.4255187,6.310454066,7.095432234,3.202234096,3.765948016,9.653384821,9.296971688
AT5G03860,8.15086641,0,0.000281434,0,0,0,10.68242045,181.2336546,168.5360185,0.021850915,0.00035847,0.001045535,0.001960344,0.001838323,0.001454287,0.000318224,0.001632319,0.261945213,0.00027548,0,0.00016449,0.00125356,4.358037758,4.686623573,1.783560074,4.344178364,0.002076151,1.540548652,0.918354001,2.626178946,0.571294265,0.03929849,0.001537445,3.481317433,7.090430587,13.75693677
AT3G57560,7.654704101,3.42700067,3.254109771,3.199402996,6.354343237,8.796942223,9.542079603,3.608186683,5.204231305,7.842027647,4.289455037,4.546278594,5.05305063,7.647733007,7.361290524,6.932544563,3.527276391,5.635231622,4.277421097,4.787944383,3.164034971,3.719080262,6.561205239,7.489944471,11.89696595,6.680258872,11.79405368,8.942303409,4.972823382,6.705749427,12.6976779,7.489944471,8.488578121,4.804450277,8.026220746,12.35962221
AT5G07440,87.84145206,28.95080905,47.22614735,60.73509863,15.76550094,13.24431672,18.56552879,9.989070734,22.52894882,76.88583015,18.14685979,19.52859148,8.526959024,7.220321425,8.92546241,39.26253624,170.2261058,203.7594708,32.44912984,23.75968169,18.04890172,13.28827296,72.88892298,39.75762457,69.90603273,24.54419193,15.05106865,138.4691725,176.9293505,133.7099657,47.45396091,3.538793809,43.15849094,102.2420559,45.44487953,32.42105804
AT5G18170,9.592331765,3.522164712,3.195886985,2.108817279,6.466287786,7.596708263,28.26246552,9.723073366,7.805693406,0.021850915,9.142211992,7.440871604,14.45154057,19.23129132,18.56552879,26.01537639,5.418738175,43.74294248,3.729386436,5.905763248,2.547414397,5.260548533,11.04843541,7.786120093,95.37569479,14.87566887,15.60521126,34.91272026,19.34003588,26.09804817,19.87368436,14.41135836,7.086485227,5.036185249,10.51821982,15.09308642
AT1G12010,1.395709024,0,0.000281434,0,0,6.646635411,43.54567564,0.010862979,0.009091081,3.565214541,0.00035847,0.001045535,4.341753589,4.644066283,3.567912862,4.341316261,0.696902004,33.40533696,3.489712413,0,1.33742582,2.329834015,1.137040389,15.90972229,0.003057696,2.437320582,3.528757633,0.33634841,11.14327359,16.28547501,2.804333763,5.914802272,2.151796825,3.481317433,0.46233691,0
AT1G08830,215.1934263,171.2905569,159.7066668,57.10582439,190.4926943,170.2261058,37.74052592,9.281301396,8.895481051,10.6134588,210.1957165,181.2336546,35.65176457,35.42299459,43.46543824,228.1732051,30.99525637,21.03666617,106.608882,180.4675037,302.5511027,256.0274809,37.91050156,19.07537642,6.707674047,14.66298036,13.05731073,14.66298036,31.31627829,27.53243504,9.048781823,51.32081832,16.51272658,109.6251843,114.6794404,95.64350674
AT1G20620,8.919772754,25.91574367,32.27995921,10.73238761,56.2766722,101.7915712,10.32998621,251.2913365,232.4684645,14.26775646,1233.855806,1279.817427,891.4399442,318.5654162,442.6414864,891.4399442,705.2404887,131.0384368,375.7981918,59.91186792,541.4619802,727.8376169,34.28715684,583.2614384,34.10529263,1515.284255,101.4905442,891.4399442,19.57505161,57.01740277,183.5833009,91.26615083,13.0364229,4.292725257,2.799213659,4.277215559
AT1G20630,3.42700067,90.26142789,79.01784538,63.9789881,21.12942965,14.91745073,23.86824316,51.28157061,37.27239182,73.42282232,6.433134285,8.147365897,15.48148871,17.39701261,17.3923843,6.93909198,71.88055244,6.922807534,11.0559186,47.41495973,26.09804817,47.71494973,21.08922689,14.75776132,15.47653759,11.65194477,13.15356406,2.820801473,5.705569294,4.397823681,15.69559275,4.977466818,6.115231379,6.474961835,4.779238168,3.768798343
AT2G28190,31.95615893,20.62699637,18.77098071,15.80235497,53.88963486,65.98686489,64.0815076,26.02928111,21.03463375,7.812129756,108.6214518,113.4673505,13.35452041,19.58325186,27.59516574,168.2250849,5.668429727,14.90829148,75.56936786,42.63500858,36.1500722,48.17331629,8.18247502,8.595520978,7.50401868,4.023307348,9.852164561,15.7473766,16.62736315,21.14106193,9.08638769,69.66968121,48.53136929,20.1199318,28.13249223,57.54990414
AT3G10920,73.31091171,41.18850768,37.2645426,24.28813775,47.22614735,48.17331629,47.15893646,28.67289706,22.24903023,7.492052072,44.99167761,44.67090187,59.61489586,49.32068674,57.01740277,57.86007245,38.32056299,75.56936786,34.57616837,39.18448541,32.23486503,42.26284481,91.89090558,49.10334278,26.93355701,16.68803341,67.99110331,51.32081832,84.06368047,81.19013729,55.93779579,31.78047394,26.78577501,78.00699911,84.13625032,87.84145206
AT4G25100,22.10705585,15.90260275,1.289523452,2.567798183,5.435459325,1.562692097,74.05807784,3.150893483,3.545653944,2.824753341,1.801985419,0.692349072,198.4699592,190.4926943,190.4926943,51.19252877,67.34397609,312.1839626,14.59499089,3.457266987,15.31554373,13.5122635,61.543704,312.1839626,114.5050528,209.1425676,264.3073466,254.6078081,272.7606408,196.6178047,321.0896106,106.3965615,88.57166748,90.66449458,36.94640759,30.36725688
AT4G35090,41.80791304,62.04566844,6.130422666,15.31554373,6.244724478,11.44614295,36.75624531,120.790392,111.1470675,16.86779729,56.2766722,91.89090558,94.21639187,93.41616054,42.26284481,19.52979382,35.46292421,31.45155986,96.45308933,13.53123657,20.61541169,125.2945989,19.28917009,24.85314804,11.91424916,25.71110151,205.9156444,30.81439878,95.64350674,34.90131243,120.1602374,369.7309768,347.5379409,100.0048077,20.25073971,18.63597882
AT5G18100,7.058435411,7.597577111,7.206744914,5.737201787,16.12467426,14.85783953,11.44407738,49.59301118,31.61740438,6.974642244,14.28360644,15.02959135,22.88285032,19.14431781,24.28813775,17.44634507,11.06982675,13.25724503,18.5207322,12.1915848,10.72110814,11.91868307,10.42117535,16.68803341,11.30477033,26.49713183,22.37858104,18.46856288,8.095169087,11.49854109,27.07380717,18.03910875,15.22990884,5.471269125,8.597026821,10.53865615
AT5G23310,4.849370835,2.137122409,1.531674647,1.042840001,13.59851114,16.09548097,6.865831541,8.407281793,9.109784416,3.567039154,5.037260381,5.009944989,5.749599995,4.845342008,4.821524419,4.484822958,3.807623916,4.400823941,6.26332062,8.41993142,4.990227434,5.911749116,5.955336444,5.509984485,6.971274301,5.943168812,10.5960529,6.928349799,2.73235444,4.915475755,13.29164386,5.160897042,5.56868085,2.063431517,4.035496433,9.492176958
AT5G51100,3.820018885,3.314805282,4.033896018,3.259188487,10.94640977,11.53697463,8.482360111,10.70194578,8.485845364,0.021850915,4.742040034,4.74577577,8.035983239,7.830531234,8.409379963,9.959328453,5.190369098,4.302821767,6.228322141,7.807712256,3.193822905,4.813326509,6.543401825,4.273863401,9.720927967,7.009863488,12.86271741,7.651563442,2.916876731,4.217743181,15.62975957,4.492183684,5.20410185,1.570471219,3.473608259,7.359316782
AT2G43750,14.92805169,12.98253728,10.00679695,8.342860566,16.40929773,24.39357676,12.51460417,13.59477904,13.3813772,0.021850915,22.92293341,21.75799091,30.32526328,52.07224969,52.40164618,32.87785475,15.10999357,22.92293341,20.74318664,14.55644651,48.87008771,45.57266181,8.21302007,19.45379568,16.18339973,17.43632408,45.60644249,28.097749,16.89708591,20.81196296,53.1330935,58.3266941,50.77358736,12.32474616,12.84939583,17.61895357
AT3G59760,22.54021545,3.144241319,3.712238967,5.036096178,12.45690296,12.62721366,6.443342796,2.773674034,2.906946001,6.639196229,14.0741716,13.33041699,11.79175539,8.855172841,10.27592873,18.70346002,6.884192381,20.92853511,7.606537137,9.22711837,13.90117427,9.305137747,17.13867505,17.91703229,19.28661976,15.80055231,10.00883572,26.48898601,18.80008054,26.2032501,9.147229297,7.805693406,4.64272367,17.61775888,20.40302768,23.34682969
AT4G14880,104.5312577,53.97319488,47.15893646,26.82383611,32.02921095,33.93633756,49.32068674,76.46326582,60.81367216,6.693067792,69.28761249,62.55286308,94.40320147,90.15484432,98.19309737,107.2201387,80.75657833,116.2607745,32.38203626,41.46354501,95.37569479,80.75657833,42.4952901,60.22986709,33.93633756,47.80355066,82.91189723,75.86214538,215.1934263,120.790392,70.8807117,51.9189952,34.51251899,133.8934305,65.22005593,29.29316913
AT3G23490,14.85303297,25.89061189,29.20114841,16.51272658,16.31167155,16.5391448,12.68523431,39.79397449,32.75184274,2.896559751,23.5952025,22.88285032,34.28715684,20.92853511,22.08412277,20.1831895,25.2144126,21.88439938,10.05232485,18.93104093,22.2338865,25.62282868,13.35188321,34.28715684,14.33678622,34.80273832,21.0146544,22.32886935,21.34079529,18.7819809,22.01421224,22.06097554,16.44555157,14.59605476,10.69601204,13.14783191
AT3G56940,11.07422596,10.7812096,7.072984786,6.635099081,67.99110331,175.7105921,75.28947746,0.010862979,0.009091081,5.648120108,100.1052039,112.375683,150.9105057,237.7256185,210.1957165,187.4992568,16.53407286,10.14434798,163.6537849,49.32068674,25.55585675,58.12274732,0.003170517,2.694199088,1.853082303,5.039496441,294.3633943,100.5214058,7.602559072,3.606960677,369.7309768,272.7606408,225.6864626,8.581763373,0.820385807,1.238782626
AT4G25080,4.681704162,2.93184026,5.892286435,3.798042633,17.99665543,45.00960378,21.92936618,4.996573408,3.721449456,2.638340947,25.44078328,29.79948469,41.99186829,49.16853368,41.69498384,30.2914859,4.0019189,7.299931164,35.89579226,15.53012974,7.17093018,12.1229436,3.504283696,3.64004938,4.000303862,7.6417601,87.84145206,24.68327682,4.966491664,4.311077666,68.25097963,80.16328476,70.04008303,5.036185249,3.758993136,3.490697209
AT1G08520,5.291305681,7.127639979,13.91276843,8.347289249,10.71151287,14.56522358,7.697247914,5.160897042,4.334057757,4.331893222,12.60775787,14.1115166,15.92637802,27.42001944,33.19381421,23.92248911,5.988513077,5.019200351,17.95673482,13.37878276,9.73632799,12.50280803,4.596338429,5.15116021,5.558329301,9.719653443,30.82099524,17.19986376,5.217813061,5.247583741,38.5052802,29.80758838,31.24560403,6.104842703,4.779238168,5.011925065
AT3G26830,3.09325209,7.357450369,0.000281434,0,0,0,0.000275829,0.010862979,0.009091081,0.021850915,0.00035847,0.001045535,2.893411896,20.56208582,11.06360393,9.573978501,15.9086382,6.395615414,0.00027548,0.532725604,0.00016449,0.00125356,0.003170517,2.42027537,0.003057696,1.205865137,0.002076151,2.499661571,6.271712265,8.380635681,0.000403471,0.379793005,8.585652476,13.90837424,1.377352849,0.411512861
AT3G55800,4.008436398,13.04935627,9.123635408,9.134135094,29.47906618,74.85340048,43.948884,3.092405083,2.524777775,3.087821341,46.61033331,71.57775039,93.96031861,98.61176474,89.55606321,60.55124053,17.14388623,1.25318415,155.6603425,27.29176046,10.50088247,37.72150528,0.003170517,0.000180568,1.850361853,3.801794005,225.6864626,34.83722363,0,0.175354864,190.4926943,190.4926943,159.7066668,0.437070928,0.0587917,1.238782626
AT1G23820,32.98277749,17.4544876,16.28335007,15.6254126,36.57149893,27.89376317,29.09253738,26.00922176,23.05915262,12.14179515,27.53473119,27.7064312,28.63579478,19.28661976,22.45610531,19.58652957,16.51562523,34.09981921,16.73284384,27.36948096,27.58935853,29.43244464,11.57709893,41.34173186,22.85605129,14.98766494,27.49988353,29.82198116,25.89061189,34.22631329,24.98014929,20.38546848,15.38326019,25.88446322,29.94458817,59.48417136
AT1G70310,19.87165887,5.06746391,4.299350945,3.9583862,15.10376363,11.10934459,15.60521126,15.22293922,13.36851026,5.905763248,14.4589659,13.50256387,12.95586091,12.27452679,12.33574787,8.855802937,7.824087864,27.43301411,4.242126645,9.982960182,7.239464872,10.30095432,18.34236302,36.28260853,27.43301411,17.39482413,17.97582125,16.13170437,17.65243105,23.46639175,20.74767149,21.78333668,18.57141699,14.41135836,14.59499089,45.1046665
AT3G16150,7.353571427,29.61499854,5.952944713,11.4674828,28.08385098,43.46543824,3.447412121,0.010862979,0.009091081,20.41515424,0.00035847,0.001045535,0.001960344,0.001838323,0.001454287,0.000318224,4.802481789,5.604461291,31.95615893,12.79463616,10.19129653,21.84375492,0.003170517,0.934114274,11.650372,1.851619282,0.002076151,0,3.127562974,3.971028639,1.379113034,0.08477976,4.097281009,0.127306443,3.473608259,11.72781494
AT5G08100,8.01857091,5.992394141,7.309577186,5.572729254,11.20187988,11.91061651,12.27161159,5.423636204,5.006170293,3.767332954,8.910196616,9.415074136,11.48194452,8.14017834,9.182352451,8.847365804,7.740011561,9.85977455,10.35861202,8.573114046,7.69310834,7.313158581,9.227775339,12.31264647,5.639490978,6.915581495,7.217896364,9.843606538,5.835399505,7.557351419,7.69310834,12.11714558,9.640677808,7.075016849,16.11003383,15.09308642
